0.9216526836733862
0.7550239636965096
0.8981036931303304
0.326392223564098
0.8598174099511133
0.6510776837685802
0.7806045898866041
0.8846475082980807
0.7491038357189183
0.9403257883714073
0.8806061956780407
0.9289677902946667
0.8134442136569426
0.8504465590630933
0.9687320592703097
0.8393300162411477
0.6549582536987534
0.814376135830702
0.7366198148656752
0.7079201114281047
0.7760315944837634
0.8613036439717634
0.88426894816487
0.7921113952597112
0.9178061177852073
0.9198486273642146
0.9401715323281162
0.8955906127959479
0.7013896144528775
0.5331100045451431
0.6122558829113712
0.6942757447444168
0.748121065692726
0.9207319943446931
0.5372538393769652
0.5817824808900485
0.9298139061566262
0.6094714475643483
0.7921900997836514
0.9280127783102892
0.3112863578389342
0.914781612911592
0.8680078757021098
0.760619610219595
0.9000675831646494
0.5812590010125004
0.8648100864880361
0.6395614481426
0.8600681293085932
0.9027913439924024
0.8089630125604164
0.676947028492102
0.6565702640901355
0.7728610378977973
0.9295556413371486
0.8652196742303524
0.8800779058240108
0.9222048680551589
0.711016539658739
0.5983395317091894
0.5313477641627401
0.668098572820749
0.9465194217249894
0.7570714756469602
0.8963538382535794
0.47932399484169275
0.7470595531412975
0.7458168637217347
0.8816252606527925
0.776586630951412
0.9136855770239465
0.8830912306157355
0.825182331594643
0.8658537299775726
0.6179934549696143
0.7308796199519383
0.8723222400239784
0.699154301616473
0.9035681606230659
0.7118137917682309
0.6424492171370283
0.9063334297256138
0.862374384787868
0.8361138824919631
0.7987520045913389
0.9264575961209676
0.8239340442691533
0.7639967322612442
0.7639967322612442
0.5168863258659052
0.8537378697994081
0.6210384290632218
0.775764880662544
0.7082874246053678
0.7238207486353676
0.8860041956416723
0.9236588969710462
0.9023592858776555
0.6732275205117345
0.8659269992983003
0.805651583806186
0.7973945124543158
0.9067353233825554
0.7736124020698056
0.5078707489910886
0.5098343881235103
0.8445868677002649
0.7920946301823932
0.769095625774319
0.7427156475679721
0.8519316668300595
0.6619038779189159
0.9707096187774858
0.8703447405535908
0.7130940066110957
0.7939270902032082
0.7357055479034957
0.7847206422966455
0.7862588453345756
0.892341351716478
0.7513696907871193
0.7689122959524815
0.6625876331799868
0.764065001488905
0.5959872874735406
0.896612191345474
0.6953741386132535
0.8727760015046819
0.5737715811625401
0.5658717059459628
0.7513056769555146
0.9250279697879032
0.4704668171343366
0.9074307247484854
0.7042718447768777
0.9565091982538843
0.8831371216049518
0.827635158987324
0.7903068884132152
0.7446789097861668
0.49473149451881737
0.6542679245694883
0.6001191931798676
0.775780627921666
0.8442380451253222
0.9453468577765175
0.5411052258273032
0.6331815961406514
0.9140948248794698
0.8075598809040494
0.9279065538181369
0.7750477128962003
0.8656167619872552
0.7246255889975692
0.6771487315109571
0.7442429463085487
0.8868087041571727
0.9008963749756931
0.89467562451583
-0.0026228770940175394
0.7336907203569886
0.6660342619708871
0.91335871668347
0.8497239309992436
0.9198486004083304
0.9068573234220411
0.8314219219488531
0.7717391632806807
0.7797299218523953
0.6173500224035813
0.9585471469133888
0.8978212503559836
0.8612723374657044
0.8140170622481668
0.9506950933759376
0.8242929449802466
0.9272238488120417
0.8994079412543742
0.7946252229786356
0.7492789195641554
0.7096375764654324
0.8124289341981923
0.8558389622324651
0.8877150207267067
0.8934552288211847
0.5572286653743347
0.6281825004416322
0.6217485539637351
0.620028725125569
0.7155039051201273
0.5151761991433831
0.7278100619961733
0.7420861957296764
0.9148159151324327
0.9086170279485923
0.8597711928950572
0.6043691717489232
0.6474773280920025
0.8167826943952542
0.6693776677231331
0.9214228353866158
0.8076265870310889
0.9236533423350626
0.9022924244614421
0.7751634754114399
0.5180785710049366
0.8264735781040655
0.9403257883714073
0.6216978491909785
0.9516833091873491
0.8394094135876047
0.8066240997501253
0.9441077023247257
0.7392748457813455
0.9144509010544434
0.884029587134002
0.8828876979618465
0.8433266204248191
0.8929354776102096
0.7975760256351283
0.5868114952952224
0.6474140372681796
0.7047716037919187
0.8798690252716013
0.7799658030328837
0.723282555814022
0.47150991914639984
0.8720106701803427
0.7429552228505989
0.6612814901647459
0.7656392926498933
0.8357837860694874
0.7747505638838664
0.629370903804193
0.8517707490836665
0.7983466224128725
0.718368161084861
0.8952368836129365
0.7816011946523272
0.6480445308578849
0.7858969967947107
0.9038300285992045
0.859807856845039
0.7483546006307766
0.819784670259557
0.9348776638313216
0.9057537593686725
0.745555902434292
0.8740763195973779
0.7211711470653783
0.5504574054035603
0.7733459133642681
0.8314601503717165
0.48840648059043046
0.920023781767996
0.841383470074874
0.8695394665842178
0.6620909448711433
0.7983657174962707
0.7944107027871787
0.8813390402376593
0.7290045134627476
0.9356394661210966
0.5874712407333192
0.7132166354257911
0.6823561075829253
0.7312559938377945
0.9019302634790122
0.5740534018020195
0.8646845837176904
0.815299618440543
0.7696794816929285
0.8429517819089063
0.7610274878879716
0.6940383473812408
0.7935669761300529
0.8751235356243228
0.8273884436172377
0.8029881562435867
0.727708118756989
0.7531881318360978
0.7587644605498114
0.9353289580735868
0.7546358069645996
0.85656068187856
0.793885172107713
0.7797944873856884
0.9069347009221251
0.7794125586449939
0.7400711558827543
0.6860759029983433
0.8874543592361999
0.7644499534211349
0.7961136152211681
0.7613285316593048
0.7751593291785763
0.6206307455754009
0.8992758518621555
0.9614342734196396
0.7758822832101838
0.8340521041178748
0.7004324018715024
0.9334288314068543
0.8688010513236438
0.8257261072865812
0.4868437528461036
0.8832992444321112
0.9121032411883271
0.6342373313440003
0.7701963754113885
0.9137899775151771
0.527802742054193
0.8199971817068054
0.8805015275301608
0.8968348235834537
0.8193264725843947
0.8524316170752386
0.8347472693459551
0.7982546399792981
0.5843494379259462
0.9076927617855581
0.8851500721727609
0.5675300706141898
0.8464710680539275
0.968280714010605
0.7387848990783693
0.7525937664767831
0.749670814007384
0.9532875637376657
0.49670171810057195
0.43538785245198786
0.9343261254250063
0.9191564821786349
0.7316023675161304
0.9274873433278136
0.7314585042959179
0.6436342070473943
0.8378049764661161
0.9540885778712478
0.6376547139642487
0.9250767351951581
0.7217329721564126
0.58237881870212
0.9237101957136604
0.9709377190998916
0.7017325210707545
0.9140372761427225
0.9149146281180373
0.6590228175200715
1.0
0.7734039517197374
0.17996271705484856
0.9044635815027479
0.28654926449707085
0.7553456289853222
0.8699890847083622
0.920467634666084
0.8158234892851047
0.8496576041927052
0.8994238221367766
0.8806912722440678
0.5012843205477068
0.9759691641734431
0.6693464428640489
0.915008307033676
0.8093196760391844
0.8290882527205505
0.7688024644465292
0.7528008642605581
0.5482862547932909
0.9241614678554165
0.8908386012638619
0.2602407043288615
0.8537298474593251
0.8394739463912884
0.8713009331340075
0.8197499846104265
0.9115573966355579
0.7321236450507439
0.9139573432174949
0.634894966919147
0.8108401471637224
0.5970799180563566
0.9142555491257912
0.8599903352868858
0.4316815648455212
0.8917138426993274
0.9565867050227754
0.871171331613095
0.8375478460413809
0.8676262382141711
0.8723619642617256
0.7636954830061964
0.9711020242182068
0.8981935549410445
0.819968650289726
0.9308470931055534
0.46961228392009213
0.9373859305490513
0.9301138338401573
0.7835087879961837
0.9155804217005576
0.9286379883471668
0.9211446971392511
0.9838964848707051
0.9393930236170708
0.797720358414312
0.7450259681228569
0.8499764142374647
0.9102086406315795
0.6568196636225789
0.9093076743157282
0.8279446494359802
0.8362441054880075
0.6454029730616648
0.7002638036184952
0.6928196081199806
0.6865716584676989
0.889242034226218
0.7382885630010475
0.9764757220244003
0.8493975504050916
0.7654012957579882
0.8948038234517331
0.8442543664670031
0.5795114290342647
0.6786375344778768
0.9105410343881409
0.5948049712600925
0.885428531847845
0.6233670138560559
0.7590838094195366
0.8893386902061745
0.9507850208671508
0.8009669912493405
0.8097554048700714
0.7626464950732628
0.7941691170422354
0.9184693465537944
0.8020868552263861
0.902651561494741
0.9424073995081799
0.7525192404674541
0.7919683655336524
0.7228109932655014
0.8746347318334649
0.4079618479682341
0.5252060813857692
0.8110849437975617
0.9362257868763112
0.9806127013791478
0.8305476272681931
0.5841824898958125
0.958412336778806
0.9066302355948638
0.814775149609568
0.8972910854223133
0.911098974714017
0.8566087144948968
0.7591764806979658
0.773391973614251
0.8295657042016731
0.7381549158897364
0.8492238756100872
0.9470973640579046
0.7223858752125161
0.9041568809969686
0.9239779230002222
0.9124652043207954
0.78565714700785
0.6164166869256823
0.9661137175001058
0.9228133124273828
0.9463896977929741
0.7707791898713221
0.899935764068646
0.8379709425756193
0.4975768637540938
0.8833518856057961
0.6721457958902185
0.8029238178393433
0.5622289347337341
0.8721985549659504
0.5046843944004205
0.8825473648048017
0.423227244980118
0.7926667397487792
0.843638557705623
0.895353320836565
0.9270395412898089
0.9232462250871613
0.9165551795012172
0.9040937662284758
0.8982405819018077
0.8447978714478643
0.968339605857525
0.8313681555809773
0.7696207702465665
0.6621495401316175
0.6238392763625004
0.7501871286555392
0.5997509388608872
0.8594867520748631
0.6532950653013142
0.8561025996388827
0.7660618287301131
0.7684132460638089
0.8167132242166756
0.8213859682267319
0.6742776141678306
0.8469359364350736
0.9171254266936844
0.9695197573941058
0.748550912916914
0.7819977314658504
0.6377171636928762
0.7184728220019215
0.784548943673427
0.9408778482832837
0.8418694068317797
0.8195194709646335
0.5916870776332381
0.910305445036159
0.569443861892359
0.6971466259596267
0.6690937016161341
0.8092475051795665
0.8768952467090086
0.7666284421403039
0.9151615166140491
0.9011087527126983
0.6849305773166043
0.4882791299200162
0.7370732878870637
0.8704245702957911
0.7214385801231599
0.7688847015694874
0.8342779205559039
0.60460734661072
0.5043874052459539
0.7517975141900567
0.9661302907010267
0.5644586874661651
0.7030650883639358
0.8242911912316999
0.7717486080277248
0.7416203668471607
0.8783347315145943
0.9410247512709483
0.895258973542628
0.8909666306483457
0.8603176126478721
0.8871133533959709
0.8885851780145458
0.8988409112231882
0.6920275038564704
0.5497887809726116
0.7019207940208222
0.5658544969446422
0.5434034606857061
0.8994023511610165
0.7945669983570922
0.8293162435805785
0.5545837741634717
0.6626632503799569
0.7566524049235784
0.8246036349595007
0.8890101236041982
0.5239422169056963
0.4380274613769244
0.9032503605665391
0.5545826599430486
0.9255257379074141
0.8074040810224389
0.9352864790552294
0.8532265245240669
0.6591900543230808
0.8409628239360856
0.6682373232746068
0.4688943394479417
0.7112294000156869
0.6823679042441443
0.8048888174010838
0.7830754639953218
0.8008249997309775
0.8375416691521235
0.8414461250274295
0.8106128751563939
0.865006739456744
0.8329356882919149
0.964251268144349
0.5976984724156287
0.8269923253043155
0.8663742812818918
0.7716808065964385
0.828505893857842
0.5747622970850791
0.9061634239290245
0.6897599508364649
0.7136515848721915
0.7952599665984758
0.7781171949533277
0.6960471630267476
0.9476812547364629
0.9495058175675737
0.8750284149771091
0.4619486091812546
0.7875045467151336
0.7661662256330474
0.7243772407761868
0.5550714665182996
0.8163253987681481
0.8350574513458665
0.9031341463775868
0.8862567043557904
0.6000280548618444
0.9365908135998553
0.828280225093201
0.6194400984145687
0.7361744070835604
0.5965060964819675
0.6718324768075479
0.8944734336790899
0.6719540287839236
0.7003793686587957
0.7874981388459913
0.9373123084043349
0.7834409449211205
0.8799195264543113
0.8283062285424165
0.5993306543935378
0.8294821929061857
0.564839549666727
0.8813537104654456
0.9332065658212385
0.852603216080496
0.7851445556729969
0.7069451790046235
0.9204100654122868
0.8417197399840459
0.9724676878826477
0.5003616318093614
0.7673723876854874
0.8596829295507094
0.8340775194199491
0.7157082957016077
0.7629632562281048
0.7558841674946061
0.7189051200492482
0.9240337885936338
0.775672132219995
0.8742873964860897
0.8285493414732665
0.8427346513033247
0.822070184827811
0.8429184817005786
0.911996786583898
0.9049218260801775
0.6378920771041425
0.6821299967251946
0.7293468739819099
0.6196555341635384
0.845545531317611
0.6170519639206755
0.8543729005667308
0.9331626052236497
0.4126605617535044
0.8870198258022333
0.711016539658739
0.8278900831642912
0.9456828362960394
0.841181712274584
0.722784116953202
0.6455546958171738
0.7210381926378285
0.5297589219216954
0.5126631572721205
0.837629879409429
0.6817554436346447
0.6859504195478981
0.9455324237181354
0.5158579108750846
0.8332376240100238
0.8355721991575287
0.691677165166939
0.8589639806541122
0.9071859254143888
0.8752884181248104
0.7239185331684271
0.8939025641597629
0.7255365423650184
0.7894907579399634
0.8420554426406303
0.7462006088843561
0.8790587083352852
0.9761912917452029
0.7426288591634128
0.6762520987042103
0.906502793777439
0.5550102306463988
0.7727104214071955
0.7830510971392817
0.898005693934879
0.750514250022466
0.7870577304930942
0.7751694883400272
0.8649098207960431
0.7666195964024701
0.7168816250118429
0.7757902837055242
0.6510684091068126
0.7992015921604313
0.7849320876577891
0.38622187364067684
0.5940522803567213
0.7695815140306195
0.9571842979892695
0.9520570958875836
0.8461169272800002
0.8949464579036672
0.8238973496684999
0.6050060715391373
0.9523068611514393
0.8456079686736253
0.8823978953109991
0.9266593989066588
0.8740470242127053
0.7150426827742362
0.5964856907378309
0.7395122270329406
0.7565736818430038
0.8781259499309221
0.6987576818445645
0.9424655394988681
0.9698570262194988
0.8713151796785865
0.6556016497195937
0.5614752367804293
0.9135338756643674
0.9383711449267729
0.607741507942525
0.871023578740475
0.6383746191375148
0.7648407427456453
0.8633662544886357
0.8635054279006122
0.8917597694572518
0.8459236795688226
0.5879652293479655
0.33220072784544685
