0.5972993947116623
0.6172756074536406
0.35078424252662965
0.7794848939632151
0.8936801900922031
0.615895018061906
0.8270415326853694
0.9184980552015649
0.5293295120865654
0.9217556499653601
0.6318328912460403
0.44189831756572173
0.9791111892802612
0.9355819916345661
0.8196728788383116
0.8503644596320131
0.7555163953705661
0.9615922376183381
0.934692556014443
0.9570399959103404
0.8788819796967914
0.8298336619273349
0.8572137185917451
0.6443287975191541
0.8591189862366427
0.9133378066754999
0.7151178513802253
0.7360298478263773
0.7539202175558589
0.7960212399080078
0.7750314293092261
0.7322407833272221
0.7140527356161355
0.7823083410583375
0.9911415492714624
0.7788286822803637
0.8748908296220336
0.9723199669051874
0.7927166635077135
0.7525318762251539
0.7578328027883752
0.7826493130690662
0.9284320107251941
0.8558351641468147
0.6684534577442941
0.7832376022342971
0.7758653091882681
0.8576116406087456
0.7197491722839503
0.5092831387711803
0.8575175465119317
0.8367797345263681
0.823201392363352
0.6912299805363947
0.6198488506822947
0.8368693194472508
0.9528973540603795
0.8296856805424359
0.6176486001570975
0.7685942529408211
0.7742817135397009
0.5670925567389963
0.9365709591510759
0.7749935454512081
0.8757049344666156
0.7748706681224301
0.8395259769949868
0.7778642504403361
0.8184246721358308
0.5801649495131307
0.6058599716122073
0.8920547071499668
0.8375099065928754
0.7951717475781999
0.8068018564774128
0.8028882848830124
0.8673535790083589
0.9425381146912649
0.7286063336393234
0.9019738921220817
0.7504114907856763
0.8538896965997608
0.36934198060925505
0.9016779552021404
1.0
0.627649373490012
0.9233595777004832
0.8545290537691709
0.9094834864112454
0.5748316669265722
0.6778239733665634
0.8563293080520061
0.7577500473150389
0.5974519575633543
0.5895781483345399
0.8679081760911105
0.7587796876750483
0.8415529425692126
0.7813510185799273
0.705034129356957
0.810192845065954
0.8282066848967481
0.7428627197400327
0.8078123894634506
0.8847285294324663
0.8943466271015738
0.893889681911141
0.7864360728720988
1.0
0.6721751956905869
0.9395400355715178
0.9398921278343468
0.4081175167932679
0.8489819595827961
0.7212055466306028
0.7033055124999298
0.6787139752733004
1.0
0.78178208017932
0.7186896982726906
0.7340002661395242
0.8001001511195188
0.6894085227144238
0.8598832543057869
0.7341833505759879
0.9376044187803855
0.8756149078456128
0.723767495403826
0.9317855796664827
0.876475690470003
0.9263671911687092
1.0
0.5254131512128597
0.9068991641051005
0.8006569355715836
0.7120129683325005
0.6403622852210794
0.9526977532528571
0.8417773960367826
0.9326351781769278
0.8023822268688067
0.9124072847465118
0.8222424389229239
0.458982501110728
0.8632206726869113
0.8588035485380665
0.8554026223728668
0.8006005297996296
0.4303270697578725
0.8471555232544142
0.8229418584667466
0.8152446533474412
0.7178099537607796
0.8051734300635868
0.2934196721610032
0.687733618732518
0.7013096283495748
0.503267595574051
0.5854226293229318
0.8878704478170958
0.9276320649688008
0.7787167875796797
0.7504334897598064
0.8926640536773734
0.7171343712321379
0.9884394334972039
0.6349624234853974
0.9219453996322968
0.7822593312937024
0.8899053760112332
0.8295352399327465
0.7474803386648774
0.7679890642713916
0.8663546611780792
0.6060888316553567
0.8602241792290194
0.6995507191158579
0.7907884626335567
0.9339795540666019
0.6545725517832172
0.7051026604153978
0.7352143274655031
0.7323052273606866
0.8127607969159663
0.7882097835915536
0.7449587477059091
0.7503370295964166
0.7126126502459823
0.8533276572692426
0.8983028430451357
0.6813321533045027
0.9179893908565324
0.5163036984840257
0.579301110673257
1.0
0.9618281180003652
0.5395563649458479
0.5900384350430522
0.6144394907087251
0.9147284080073723
0.8713536664157074
0.763661566685766
0.47263725985008054
0.8373330441516413
0.8313922173375633
0.392685162302182
0.9272206550079564
0.7783042874527775
0.679448151254094
0.7375719808573357
0.4630245889032292
0.5246015502702366
0.7190459625995153
0.8046033641910407
0.8357584676114129
0.703965554165221
0.623484744287978
0.9072857373550705
0.9409672865857631
0.7375864544483104
0.9332696688336721
0.8710651767896214
0.5245223927513487
0.675697800138984
0.9635013811748251
0.6434694562775037
0.8851112593941617
0.9307923791176926
1.0
0.834389572735709
0.7407290978641655
0.8187003424252266
0.9389826010014781
0.9735556572401085
0.9788512673925476
0.865404330413814
0.8560435597236089
0.9617341686946786
0.7927788634473689
0.898389576831549
0.9227152532255124
0.842867274531515
0.8609117929655781
0.7765382918384097
0.8918062062267507
0.840031618756138
0.8887288422524107
0.4855889769327367
0.9066105368018365
0.7526542835995563
