0.7837065011687774
0.8690357898526633
0.7494664568733207
0.9399936948148145
0.7959030309223026
0.5192121865981689
0.730489973526276
0.8500770217666598
0.9258933650642929
0.5698872438568959
0.5856227390386032
0.7232612101488296
0.7976971150562321
0.6567414426861516
0.7997529067844756
0.6472801610032662
0.609233278025084
0.8909638690197876
0.5798519311935523
0.8400915642220727
0.7649021602984828
0.6585387273114925
0.8468010120560797
0.47624758243077725
0.8515896563241651
0.5023525050125455
0.8180402684133447
0.7832769254522925
0.6093843185202019
0.4967603848022526
0.8167583294829943
0.8245826263738366
0.6192858698040838
0.5589389196393296
0.8335508437038376
0.8091261953292027
0.8659846626970972
0.8233661930414543
0.7944107038724302
0.5312339497269758
0.7938013804119106
0.8592438171502224
0.6948334767173966
0.5994653123066992
0.9367428081594308
0.23692852169581036
0.53759388047914
0.424496601713104
0.47189784947357527
0.6059676583890896
0.4290360093321022
0.7710603938170811
0.7979756097402909
0.774007650653833
0.7573777696474033
0.6489966436864587
0.669321794734781
0.8553537687319143
0.5263360758379614
0.5665300501243615
0.6658160267040072
0.7082035403505368
0.521454354888218
0.6948483370314259
0.7024583987045884
0.29467581711086477
0.47052872473383855
0.5303761768210955
0.7550784657551947
0.14403936158008435
0.8087244535661475
0.5336953294058285
0.4222277721314788
0.6429891765138238
0.9114901338525303
0.5371063764603686
0.749684227716042
0.3263262264496918
0.5018499841038755
0.6743122093953724
0.15466355820158206
0.4261434118227396
0.9411136462299112
0.29661889175526335
0.6336899343729592
0.346065205619132
0.8465435316964685
0.9064338199444038
0.8849013910590976
0.6264126023215694
0.5512392046395184
0.3825327867651849
0.45312471522974374
0.7644750994607912
0.9108948293487834
0.4609300336183251
0.6828340876464772
0.0887011430021406
0.682313471325783
0.6576794614544875
0.7947855427994345
0.41190018068484524
0.21567271599898863
0.3287456524485961
0.8562735589402095
0.39311406123927484
0.9105430656286749
0.8187624423647353
0.6695116922142549
-0.061915200956454974
0.8102535486045408
0.48254849877986894
0.6664175301417645
0.8959415105485707
0.375961671653106
0.7538645815955948
0.7248562072330359
0.6700656010140434
0.5204771312588976
0.823980920388898
0.4695771107146709
0.7331446929917157
0.8352000192503188
0.6774485172359683
0.3798046994998435
0.5934506010525622
0.8455392032321725
0.8218144669620295
1.0
0.912070416457054
0.9240775093331844
0.8052019656718706
0.9639852738239413
0.4977796300801811
0.5038837915477966
0.7763802890416144
0.8464813905240045
0.9285664876074501
0.5252175325605405
0.5630721789449965
0.5270061324526619
0.46460039333236847
0.4321867268252295
0.6346380668361169
0.6776538627134533
0.6364095298573912
0.5641809179267548
0.6835864038858469
0.3517683420702842
0.18547641272390358
0.7036251820464626
0.7917522809148081
0.6841204192854448
0.5678868408987102
1.0
0.35740988563566567
0.6074951642033265
0.4051839526156893
0.5313661918165394
0.12365940076395598
0.7196350774858735
0.6767045526981431
0.8237016275995411
0.8313914917408757
0.7288869469942447
0.7988730439728716
0.4838606441407025
0.9102925594322379
0.7228139163336057
0.49711182058697134
0.3032543372933194
0.4003532019779198
0.8483421982726546
0.86592568429675
0.8972744422986771
0.6641172093918556
0.7728384625254926
0.3941615208931979
0.8382309268793231
0.7503388761180649
0.9215882523473843
0.76015804284562
0.12096257276615097
0.3969995292812234
0.8530598978986659
0.852984431077241
0.5511797893094071
0.680982215240688
0.8171937005136071
0.5209669427764204
0.8164779598443647
0.32086711759799125
0.49677431920485393
0.3173986951192276
0.8520397228893671
0.7602035559618797
0.5080735706193633
0.6400522268311929
0.8511386739879359
0.2866862366565113
0.18039414578799584
0.4526210698650197
0.8528413585359136
0.4699330376820223
0.6949858285700666
0.7782367383588316
0.7613313583505771
0.7441609588820034
0.5634100833657779
0.371098907356056
0.9346425791066159
0.5431908550947466
0.7316240584712028
0.7735776716893309
0.800929514533114
0.17866360462003406
0.4655362385536964
0.6541802358500849
0.7035926093674929
0.6729479268390343
0.835869547316729
0.8201289274762179
0.29462692522719247
0.6623955072888652
0.5954294895509784
0.8181353275690249
0.30230739551602015
0.34474065363848405
0.7384870420814637
0.7390937420434184
0.45986369311864084
0.36112493704640203
0.7752368558032884
0.34852042481336043
0.5107686796417015
1.0
0.6309405233276216
0.5889023018948241
0.5251348312553222
0.05774733854906644
0.6071866120111024
0.7237204167274798
0.4136350869298041
0.7071355469149722
0.3247381542891843
0.4623596172991631
0.8157341801195958
0.8454539253289671
0.4632010107908421
0.8050551538283393
0.26548164364192317
0.9175097355107535
0.757009612644607
0.8751677127493915
0.8275109314935245
0.7243790531561293
0.33235343453876687
0.4799496108797756
0.8116375178772667
0.7306676515002848
0.6563459668203319
0.5186334738444359
0.9124457975329252
0.9085094246164743
0.7067041596356892
0.5424441163815478
0.2999863141651449
0.6375839551910635
0.6753893059598763
0.7812752345208707
0.7634297620539173
0.75404386744097
0.6195384081667674
0.6367635065859345
0.43371625900194655
0.30451580229907627
0.07287383857728613
0.6199011345450007
1.0
0.6619829674990557
0.690096687988954
0.42891385932632375
0.19055426669192654
0.4691911244811413
0.8158533811627554
0.5172667620989617
0.8217329201873681
0.6870240327534686
0.30162425750450983
0.8375478409768242
0.5696178638120736
0.7252681121108098
0.4150010326414594
0.4876737998823405
0.8741468774183223
0.8295061676487973
0.6066088375369749
0.05632085076784232
0.8054496145376886
0.522907023529198
0.8324163497457122
0.34351531719621975
0.5592843039423971
0.4743048752146085
0.6965274192170434
0.8630400123597252
0.7926435272931492
0.7060323050794006
0.8047837220490117
0.5587170564988216
0.8123704351702247
0.4054788240766276
0.6672004926332425
0.7748758423907997
0.8651220490968032
0.7305124502170772
0.7051966480386876
0.7201006380356854
0.6868962876594321
1.0
0.665081821585385
0.2999615792786854
0.8937506280637653
0.5999916327253347
0.20807564608597273
0.84110022613583
0.5153787219775197
0.7646095571170167
0.6263838180732374
0.6811370532942795
0.9443273221009678
0.6700737529174777
0.6217868679712648
0.8241588207190094
0.6976036916320079
0.8023235260859913
0.3292294616761078
0.7771822127762668
0.8614068212713106
0.43123890708602397
0.5191122059414562
0.24813063484883946
0.15568559212119837
0.8687022849331937
0.7199421521107434
0.7147603560675991
0.37797944046535625
0.6221762503985916
0.6057535932411284
0.6474254830334147
0.48315300140753903
0.2703411004439944
1.0
0.4071895638526818
0.3016855944867751
0.7765176489473912
0.6790169276058932
0.07460129293561435
0.7551875633134105
0.7005708241275629
0.6511212983311164
0.655066526113262
0.570142405825756
0.8012790449093051
0.24285347138562097
0.4342442044488789
0.6056192397523638
0.33276978872215435
0.6698908028047432
0.6994244092691025
0.737982153726721
0.8156304080241954
0.6376737644432238
0.8738727194537186
0.9050354159436815
0.7805673836909321
0.8306031440597469
0.4380915663692935
0.3529855795099579
0.5417812848993283
0.0234141281021496
0.5118015996684165
0.6791150642112571
0.45642080348382397
0.6846718249580266
0.4194782814150543
0.7078900250133665
0.5989585206186071
0.1589074653737571
0.4718789208022265
0.44725495883037425
0.8150694248340709
0.912442575156081
0.8836067709054028
0.6756508681552732
0.9065140836354751
0.9242651484565348
0.5040955118756911
0.9185508347026493
0.7757111865852289
0.46519442639102315
0.7685149029105269
0.6434126124636819
0.504059529167144
0.7651650282125836
0.8849306703917266
0.3145789747798633
0.8372493482477668
0.8839955872244739
0.8714114297303772
0.9019291664644231
0.7607171992324063
0.7207550542903396
0.7468557041943766
0.7011802514909093
0.6467392459096326
0.7325898056912546
0.6659170174992258
0.7758777153425228
0.14905431702978533
0.45517588170403656
0.869848960153516
0.6549802086509274
0.6361951305490479
0.8615492271247527
0.6387561301048957
0.6435625558255876
0.617775018591256
0.9111824093147927
0.8142379872931491
0.8215082526012528
0.9056643215971246
0.8827089320660509
0.6077474971079593
0.9118777476571458
0.5880412074877283
0.8542540313068527
0.22595217247543875
0.8069755744118711
0.3954559817169223
0.78843940905709
0.7439130308837818
0.744374511944468
0.8386521177871007
0.4257240362838197
0.7248720798178935
0.5717265774758784
0.5855544449413118
0.624069810239949
0.5663362133467097
0.7334266354733334
0.27546349072475185
0.7378314328134664
0.7953813148040598
0.37054881061060285
0.753978008793153
0.8473315865387095
0.3773426695566713
0.4307555812764716
0.7848847359198436
0.8635734133340158
0.39234536775490336
0.9240062531963062
0.6029689503522294
0.31926637220389864
0.7312478529451248
0.6917363759774366
0.5238350256119599
0.6250106870725777
0.4364336863439695
0.7415016708306781
0.8231662918753491
0.8314956911159976
0.7499472356547215
0.6587828663960564
0.7515568574485356
0.8000130273446291
0.7296924051185093
0.4742232638941307
0.775365200670323
0.7887049097875674
0.5225340541843887
0.7964298403978176
0.7620376151956234
0.7873609545367827
0.5151789313382815
0.530165744874434
0.8200219272614246
0.6592664036018168
0.5415253910449898
0.4009956169455874
0.8896975896196919
0.76206280850538
0.4197779773852557
0.3741402874558264
0.3628032296956455
0.9591034605922006
0.6529276592141505
0.8457669847669852
-0.05486788481831928
0.41217140701509236
0.4203006388077414
0.8036172899064989
0.31947341680396923
1.0
0.6467525825599659
1.0
0.8516976751529465
0.8188271016863534
0.7862459126792986
0.29269727009787627
0.7331904783539702
0.5337609508289227
0.4436230387097092
0.8850325593155314
0.7495955840690633
0.33972824170377325
0.7993391228728097
0.3042681637458575
0.3960328390413579
0.47897380015991575
0.8674938781488286
0.9348041434742502
0.6934812275218365
0.7706082474374173
0.8891197107977232
0.5676962821683894
0.4804099731349889
0.4836143811246343
0.35175685185134886
0.7866620596427475
0.9567059797381555
0.5992449309202571
0.7655945851727578
0.8854206910689091
0.5340441772934522
0.9149348770250652
0.5420849396662581
0.584722895795424
0.9031545187629685
0.5365396306156666
0.6956833333373098
0.788357578985189
0.9043980281999716
0.4692129520799212
0.3609118909200779
0.8769602077461197
0.5827706205509611
0.6618629049371432
0.49147608594723136
0.6902729731423992
0.651914437272272
0.5680622623228136
0.24387551317050604
0.6018159620361798
0.26027215201753406
0.8435749098609786
0.916976372271836
0.5734153632040611
0.39095678071575923
0.8825567757448249
0.2576065727180903
0.4240353037074409
0.7427711718067496
0.818121540023685
0.9247651615265023
0.41605622984218904
0.7574639077871079
0.4214982662722895
0.31394148033849056
0.8373077541179149
0.8392906600431708
0.25082509003315157
0.8070935613940247
0.6929264135301547
0.5574744698205321
0.4411405608721386
0.6920355551057591
0.7507204143940488
0.7271368660822479
0.7843666408067304
0.8121854256336826
0.6010255120518261
0.6979357880544388
0.7051072772300947
0.3636709883722158
0.37122089882657083
1.0
0.6953259456709168
0.6170763257557069
0.5923306199956495
0.7539426732557981
0.7909509662455418
0.7354099318510027
0.8477600758551191
0.8381913693590325
0.7583068734519139
0.7904388470697011
0.7646330931161586
0.18295369373649195
0.2972965847470872
0.8630126224851887
0.44648951908883694
0.7090445729184883
0.5431161624137264
0.34434268582980077
0.6374496281518098
0.9288186155811605
0.6496863109646415
0.7554689349058703
0.6532394801440431
0.9394772513570187
0.40900408183082615
0.7397103861862061
0.4140314737722861
0.9514401119022381
0.5616380252288876
0.7644890966907063
0.7618985523439233
0.523853512439789
0.43068393345249434
0.8656813963312776
0.1644635560643074
0.3739573192226575
0.778057190344588
0.8722587162957564
0.13671821009511265
0.8546876650655815
0.4868000533395831
0.3296049620162752
0.6297024110054573
0.554239106727692
0.9438279798218301
0.3733170536473063
0.6669638854018881
0.3287982851222939
0.932268278600198
0.4445920067558198
0.7048152253477392
0.3546008415923657
0.9655140038083049
0.8436275270620344
0.4390580214645594
0.7112434314241651
0.9516950852073818
0.7874317697354729
0.7451131362105771
1.0
0.764827008038236
0.28610268421671514
0.8528653575468325
0.46096909597007285
0.7286957157706674
0.6926291377361371
0.2611114189736474
0.5982046473912187
0.5608098302617166
0.8097973139114709
0.3790053256941883
0.566333469927792
0.7635038159869119
0.31489644616070356
0.7926332852205257
0.7551256424444797
0.2905389944702752
0.7182654767883973
0.16477561159173015
0.6074588195135828
0.8499120630153155
0.421896056161573
0.45913531515104644
0.5764118100434832
0.6359658899796816
0.7029188220659004
0.654223055350544
0.525601817368956
0.4570192335288281
0.6558803691635847
0.6245466820152263
0.9434516856352041
0.5471236630104938
0.23381676003630747
0.2689096586250901
0.5879151224150064
0.3150781300950998
0.7671120054838424
0.9384310488916321
0.3979721842653773
0.9437818228908972
0.6079519104676356
0.7608703922993818
0.28410949325592993
0.6755984253116704
0.6014505711562044
0.8685130454705073
0.4040209787891833
0.8838596188689174
0.7166027739392258
0.7647342893274799
0.43276481992857696
0.6135699891072303
0.2600163474672603
0.6708483748820625
0.34208274279695705
0.9574045592193269
0.589228180897326
0.6252065926452552
0.5194893437683646
0.7947593794119845
0.8563123949370023
0.5936503478172842
0.6808655067927772
0.7796992962431235
0.5240272366730319
0.5893612780915812
0.7461763542851642
0.5929024161562633
0.43988577092025216
0.7746608874664745
0.7021358145107593
0.8849497375763319
0.4631970341014766
0.546764811971968
0.3943776102325287
0.8162758226496373
0.5215876939702383
0.11081745333604998
0.7150662035326526
0.8757969686675234
0.35083819188230314
0.30384197082368436
0.8621125797516342
0.5100183400607918
0.8386563738522976
0.5901322447516311
0.8778951563370757
0.3425270225909014
0.8112330671983429
0.7504930405696639
0.8315658470780467
0.40058457657396396
0.8625663803877995
0.5534205938314251
0.5981555487655225
0.7256557228209559
0.8391019825264274
0.6052661760874387
0.9091429786962409
0.9348751218228639
0.7381479818840994
