0.9592010802905161
0.8637299508397376
0.5882876309833515
0.6419787989407024
0.7734642909955243
0.7156699531125523
0.7660647374757454
0.7433363664041551
0.6229098963717712
0.7921690037646775
0.5038071483071596
1.0
0.599096958977737
0.9043049152779279
0.891386561256029
0.8100779080848554
0.7266010504806032
0.763458463636742
0.7745192297399519
0.7477702922447764
0.8430776220128715
0.32897019674396377
0.7246263871993219
0.8078984773670441
0.6534211941359737
0.5788686011424466
0.8321091682916353
0.736812868332952
0.8091460262566408
0.45361344630385736
0.8201266608218065
0.913917443867869
0.803797712988948
0.7828104693339794
0.3716675805879307
0.778143199298977
0.8131469478679346
0.6696907730773425
0.7578392867587813
0.7585048999207931
0.6886850308703981
0.793461735319023
0.4875869373766474
1.0
0.6873926863142743
0.5610852770039294
0.8255079209296803
0.7820689511686162
0.8100559795695373
0.8788366919564001
0.8477785442813393
0.7279682732683613
0.772055435837164
0.747283563173343
0.47803507238649834
0.6633935089143411
0.8520135721333544
0.8626575240299929
0.6890931508960952
0.6889729689092016
0.8775146976261285
0.921526207098437
0.5790256464361963
0.6578235462327021
0.7879336750838176
0.8852972130468068
0.6783202975497248
0.9333829885411151
0.8180391883006084
0.793191187433338
0.8165444729504876
0.5060004993599663
0.8338865400360151
0.7460993761389362
0.7758944654702412
1.0
0.7633729837723846
0.7775471586823863
0.9459523856835256
0.7449324770422602
0.6849711319266072
0.6321438702381396
0.6954948044734228
0.8498913599325133
0.8232785074222864
0.8504613763446681
0.6688615357511482
0.7480445508408974
0.8553744485905822
0.6640162711381411
0.7953596285761968
0.7974826602783365
0.756311840799937
0.7218765663927919
0.798036655532511
0.6868988014455125
0.7248828973022433
0.7291106544347302
0.5813436855638372
0.7197748223493223
0.828151835587414
0.59692950397089
0.8329371359194615
0.507532137994307
0.887024115819609
0.5524277984549869
0.2176296262128241
0.6176380048096181
0.49011591973888113
0.7080939529581504
0.8839982219944216
0.6600486673169914
1.0
0.5311915632246333
0.8243524243878109
0.6085347409234697
0.8225210758761297
0.7520804116393901
0.8551233528651678
0.4093143092973327
0.7561031399990065
0.6289219908999958
0.6276384122614238
0.7768279065584366
0.853054678998467
0.8141542963016555
0.7569267036036147
0.8247904112822785
0.9088833856246272
0.9069172290714662
0.8139685023390411
0.6903815210283702
0.6556818853709979
0.7848843916818066
0.7640687052753965
0.8648857434916337
0.8507012494473106
0.5767765685822794
0.5818722604629065
0.8657633231927316
0.5958889745916244
0.792042539537051
0.5687836031360143
0.8142306843887025
0.8794355855407228
0.5894678369070419
0.6614100604827575
0.9027599892648752
1.0
0.5633480259587312
0.9253993838334947
0.7017888710727693
0.7888372190888329
0.7898244647310901
0.8309579140678455
0.7674641071699237
0.8626575240299929
0.8693706784637665
0.8735327336304656
0.8814674985821619
0.7844326085940181
0.744189150755799
0.9120808887655684
0.8034871971734798
0.7554416559489867
0.3988659223626263
0.5827334941128268
0.6919015421295112
0.5388630528556336
0.7822783780078238
0.7779163404123974
0.7841222268996066
0.7411458706125559
0.7886781010177998
0.8248898652936699
0.7576851364617329
0.4032578459450492
0.6267254142422929
0.5419267587757345
0.4513291025653736
0.6640723692006172
0.59259625989412
0.6492193728517381
0.8797232893449153
0.64275322452675
0.7441526206074746
0.6147400193623574
0.6587054946962612
1.0
0.9291867836841912
0.7075785348085006
0.8329271422052921
0.8408673631680853
0.8608169403796931
0.8139360336140018
0.8243524243878109
0.8539740629591233
0.7276154280207633
0.783865587938999
0.6607286669399005
0.6821931368051312
0.800439260564588
0.7703060536877829
1.0
0.7385664297243089
0.8180465337746249
0.5262015393074768
0.7714550935701817
0.8884472563528146
0.6726889799429154
0.8119339982469501
1.0
0.49010698064606006
0.7475396399958655
0.7980537491713804
0.7587041383485942
0.8454245024111166
0.8464637283740442
0.19777003649174874
0.8554178561088526
0.5011541256035073
0.8857484974565141
0.6464895081868115
0.8142496467677117
0.7864837980216842
0.8723895690101873
0.8164725196911481
0.9114062575761505
0.7746873374929063
0.8548409429637214
0.8071882134862176
0.7459050688042255
0.8220428289936954
0.7338562295808535
0.6348454291644932
0.8788366919564001
0.8175030651914059
0.7544680910521638
0.5392277083004916
0.5954386582316903
0.8338865400360151
0.7384945026269621
0.4762478727182158
0.4751845755146086
0.4766938797897111
0.7859552511596474
0.8002575563793842
0.8027041999483889
0.7107326184696922
0.6542151446109736
0.9240457788350808
0.7233387256043143
0.8249451122495295
0.9016553863392627
