0.6503457801238799
0.8675040913766591
0.6519376951677455
0.8080528419912649
0.754161723956998
0.4832318653281692
0.8602853112303729
0.6287150595682021
0.6791007018291089
0.7376974817886973
0.5468777448149055
0.6226408712883194
0.9049929416749801
0.8672289024987992
0.49956512668088604
0.6959248648337423
0.566337930188928
0.6832742287220167
0.9461901686704186
0.7378663902491049
0.4835129492026583
0.6083099131834544
0.48604385939672
0.7894961916502904
0.37978525120957096
0.12926659645222005
0.3344685153765701
0.7577864024015318
0.877750561941707
0.5216542679789268
0.6507466614853509
0.7381195117630031
0.4991953267893914
0.3765622200296671
0.6514426964622164
0.8576344944070423
0.7577978121296822
0.4786896823414122
0.7054592664804232
0.7937599152804611
0.668579953191263
0.4993737251352681
0.703532257931937
0.2435986899129714
0.471731117052949
0.7183177943880759
0.6817137606983825
0.9428524242835629
0.3114581642941905
0.9815128441569274
0.41828049525636657
0.6273885029873274
0.6248965719439534
0.9423120600652974
0.7884128733585023
0.29821647109474303
0.8683408999086709
0.4605915369521447
0.6964722646392009
0.6254746145334668
0.464190890799258
0.3152295694349927
0.5578143899183332
0.3877919697805481
0.6432463784083966
0.21030245261161196
0.6439175205460606
0.5103949788981879
0.487165369255367
0.6407603153902487
0.695117275652947
0.4740873929931806
0.8746077742180762
0.6830400982612466
0.45175304837282604
0.6060521081650948
0.7806124597907192
0.7457979431787044
0.8610340612612994
0.5098352075416063
0.6134830700900853
0.9195453517865274
0.7628613036753213
0.8106933274772292
0.49890420726281626
0.3411137742330925
0.7276263995489715
0.7442678820514238
0.5198016337970817
0.7169429275897905
0.7015253252005984
0.7714288122990183
0.6716935729046231
0.570883650967649
0.8767335366427919
0.7517966436146325
0.6998972992285706
0.5606548481033651
0.6570121810772547
0.6665074392912949
0.6907098956691197
0.9059296745966363
0.20188478268103682
0.3259811639723825
0.6039759481691309
0.49356118987442243
0.5263746133363062
0.5658108160599694
0.8212927649172225
0.9630452547891581
0.8632320098913806
0.31268852525543533
0.7759249353712053
0.813467190139924
0.40661019143491084
0.11274625433552132
0.7883117548269472
0.5864027219480055
1.0
0.1742670683645403
0.8073260417951119
0.6627477170714747
0.2985160201889119
0.8811462527393608
0.6797422231224723
0.8642658131759274
0.6912448948176961
0.7471506025059479
0.7107049271380063
0.786264983438979
0.7094465217841588
0.8511555068140394
0.6802356032767863
0.6646586266645802
0.5058470761031011
0.05368119497468393
0.5674099530223153
0.8247889938025025
0.2472379021136466
0.6567553372030479
0.4725448218676477
0.755360900267335
0.36635336682249764
0.7890295271718296
0.8914835912402554
0.6057050684934394
0.8744024946264012
0.43955368568054354
0.4567363940248004
0.7527451131005615
0.7782942721531703
0.6210353758094226
0.17834307090990476
0.4868073519004241
0.4110335662231823
0.724138749492406
0.5949704143014657
0.5120912027331314
0.01072468786934222
0.4369851110645958
0.6662778726397741
0.6255785258489601
0.81194520308208
0.41315956585375857
0.3017377365117826
0.30441119170657693
0.8137580880880636
0.5738635614879922
0.6888344107207156
0.8192684245252777
0.5303507206085448
0.7953670428804035
0.8162093102897787
0.8440290095551329
0.49118909526476073
0.34292183942608945
0.7235344386504717
0.6845137157958451
0.6893419762837696
0.32017126598307066
0.9131011677143858
0.8842507480272807
0.5868094227593617
0.5522150142518834
0.704489768332129
0.5566789561462131
0.6345098394330111
0.6325949960726024
0.6930187541717093
0.8024356945073386
0.7604762473893437
0.5292508453122154
0.3372330482543464
0.4701951704344056
0.5656156576753814
0.5241835748094825
1.0
0.5113867076573206
0.9024671431432347
0.7653144765383697
0.551143838809914
0.731468697715781
0.7817299261274768
0.4645177898665118
0.7117408124060915
0.6328305694943703
0.6614243469520243
0.5179470995584308
0.9105211910724634
0.8480701714596292
0.3185774293932413
0.6800814290061584
0.8257042601656669
0.9458907103191867
0.7630606617867954
0.6754445054542128
0.5146695968245815
0.4463002584119278
0.5747977699371463
0.5907017452531507
0.764780275809985
0.3831624626300332
0.5003465878100148
0.9224046457233407
0.8036301529294381
0.6762811124604504
0.520030086062025
0.7622447069130441
0.5479503587606571
0.4909276988900052
0.6282465017616503
0.5209220259816333
0.7758883122262351
0.5370560383749393
0.9086334599695947
-0.17180453847281774
0.7048634626027123
0.6043041718914598
0.5383797717854237
0.34100810042259866
0.6544912762139178
0.6947410484494526
0.6138715233602782
1.0
0.6151230701736182
0.7164157803862695
0.8294838139747777
0.6649334491365135
0.4155744937126058
0.38683153501631373
0.8107103866135144
0.5570478582667583
0.8669076959395318
0.3735734348860401
0.5967748699875915
0.7752893861967527
0.922149505648004
0.6948526735919579
0.7362059203834247
0.9039809884048302
0.7058297380364259
0.6462882412157879
0.8065668404791865
0.8710694468664371
0.35392723769706214
0.7209755298734895
0.08592357850254406
0.32607687140534236
0.8540267965914948
0.4942832401522206
0.6145853491086718
0.8362338739594728
0.7703339093510544
0.6432505400878811
0.8738565956969212
0.8290884180378347
0.3510331062510681
0.59185372515707
0.304707762127866
0.578773569588858
0.6943197723258183
0.4500302034233523
0.4121660654011675
0.5103906933378403
0.7702607528030065
0.7493473220589854
0.8003457729145521
0.48763375147460986
0.04712521759431276
0.3771439161855288
0.6023489900454656
0.7486412195897051
0.8599757936866742
0.5844277116995071
0.7148508216615755
0.5167591407411132
0.76880839768083
0.7942892652194212
0.7287645628774203
0.17732472406377953
0.7825618615606632
0.7050658734647458
0.7511636617550697
0.66318321957747
0.21960802200314855
0.7127683703001451
0.4997092102637577
0.7298436825455161
0.8377216244123596
0.8945412922591733
0.38449623831920876
0.6619632072361992
0.8335340633851805
0.7023381462588617
0.6744118255403011
0.5310795308934246
0.7950308970247467
0.8804471028900032
0.8672430514550836
0.7354560337492777
0.7605762324858554
0.6246248953652049
0.7708313177028466
0.850093539814924
0.45507178544803284
0.5557186349838675
0.5737735757643669
0.8216532614152782
0.9043201464272278
0.7407457822536583
0.5973640827349801
0.8458239753595791
0.46826832332084245
0.8076411973372798
0.5111397875433354
0.40450190310823064
0.4996871845448241
0.5428846846173878
0.2178190063126103
0.3251285051102757
0.1898433537631209
0.3516536675758678
0.7249097378152966
0.6904968478643734
0.5806973866303192
0.5806434538853088
0.8132409171373383
0.2938168924284775
0.5776746670009916
0.8160671953117462
0.8580580556468486
0.6450552446917855
0.7333357809345104
0.42794992286849776
0.8548177073325088
0.7854710712322207
0.799906130080193
0.49138530860011187
0.6074242887442297
0.8112681588432313
0.7478642298417062
0.43537170537283565
0.6200682811418557
0.5217117416205479
0.8522514566712879
0.575958874189657
0.5154378992272555
0.9311967216138848
0.7174352567228336
0.3617831577570907
0.6728996902987322
0.8367690471119006
0.5272659459399189
0.6133505891887112
0.5900574008562967
0.4543447204790034
0.7147274770568144
0.7185817778502215
0.7092709146070487
0.5510150043374618
0.7785500617493942
0.6095305300796655
0.8012075629746556
0.7379161631273969
0.2767501221071862
0.17505960130223286
0.8229872704991764
0.1170515460892303
0.8240756008682352
0.6194984957851738
0.3263059209244241
0.602377232657515
0.5787814231426363
0.6381281008320796
0.6788306207010175
0.7527451131005615
0.428097947472059
0.647159163535592
1.0
0.2519584809868918
0.9372596313557627
0.8375982330930979
0.7787811651508163
0.4300398988420042
0.8259500297912158
0.797006391083649
0.6690978828294922
0.7573466474552971
0.6612086605676316
0.6840874596351567
0.5120813150872026
0.8236525728378102
0.8055067287483823
0.4024711310981284
0.8973895458553917
0.5392557908624348
0.6816860074589673
0.7723873256596184
0.8429236924879415
0.5991479537499578
0.37848259721916744
0.658025738537846
0.6777579631177221
0.32972381115050053
0.31636501035216613
0.7447319538030371
0.633320746995034
0.854565187578248
0.3599492391686264
0.8974541704984431
0.6258526765277224
0.7029113664140185
0.5903115206446179
0.876817523673802
0.619593517077525
0.25341921252421873
0.8167253026371033
0.931850306681766
0.4926787525310261
0.7929640360193356
0.5884229404671031
0.6162020339903942
0.6581524016138482
0.7004275475033905
0.5285571184233165
0.4733301544068267
0.725875518549126
0.665686742336571
0.7811454862604054
0.42066241987788033
0.36115345663933685
0.7488300474834102
0.357635102219392
0.8494139281485453
0.8040495791423915
0.6057062230085927
0.1263941295172446
0.9163297155983823
0.7261278572409713
0.5737166188582576
0.49338325887843304
0.6374473462237036
0.13696350311982575
0.7282891941786281
0.7312033182739214
0.817056659447527
0.8127477254620554
0.14282997656253849
0.7254064650790479
0.39068197912530533
0.4447929017002651
0.7097951102471355
0.4674343915408017
1.0
0.14522940221255465
0.43569116040099876
0.5690337122824942
0.7561469752701033
0.6874737091060954
0.7611281555414152
0.7390431829856515
0.7111948196558814
0.7005244709906479
0.9665019916805307
0.8378654811382747
0.6615309007300623
0.4371628303508781
0.4234388660415933
0.7021159814235353
0.5668011216532534
0.7090986278653342
0.5442141499976932
0.7250119320285073
0.739836255376608
0.8217917594033435
0.4237187492784966
0.8780650150317411
0.4534253885734061
0.7271211731373588
0.5641915351409671
0.7178927051728992
0.30600803068205495
0.8345538445314988
0.6385050194875961
0.5925175027994518
0.6854343006238484
0.7293248799896478
0.6599614990155711
0.8776576452880827
0.5620553441190873
0.8451379015969415
0.6939890754779076
0.437979129217795
0.8896808472607701
0.4886666782492066
0.33871875057223944
0.5956554720456941
0.4571909949778574
0.6449669181152987
0.5927196248293971
0.7541486161870716
0.6813673540950266
0.27087088868719844
0.5232650221392424
0.8132998758752469
0.5029342941597085
0.43858268592671856
0.7577471903451017
0.7762535663824406
0.5331472477223707
0.5853225033330001
0.5268125575355315
0.3159781422285217
0.8156419557876312
0.8950608268043235
0.5804250674940781
0.8177660797148287
0.5738665582388344
0.6450103879533244
0.33981467916417785
0.6415830236175993
0.6659488235290921
0.22806543336061158
0.8327903843535864
0.8029822355489944
0.7623600778375813
0.7849861070620161
0.3102095278873028
0.4057609789388825
0.5174474708838903
0.8462372207409503
0.7604844710166903
0.5890453369702408
0.722596386666319
0.3546292550714212
0.4043736321656941
0.501112586693454
0.3228363977639228
0.7797033105103073
0.4161075076130457
0.5348942231337893
0.6045914845235361
0.6299476719245292
-0.08104530335945026
0.38077971902890595
0.7054147017441351
0.8489437292875293
0.6091498118616515
0.7039571491820212
0.6478564091503274
0.531232557574194
0.5072261678278354
0.8935057167471505
0.5492858118199581
0.5285777251107571
0.7480611609696927
0.7900077560695894
0.9111206856835301
0.5779469521847227
0.8410284495906589
0.8431766785246334
0.5665774175407098
0.517696382059611
0.7259834150678582
0.4272114889949927
0.919378311112585
0.5745169278118013
0.27315635017747386
0.5640387078546608
0.41030919885094375
0.7033557743941562
0.12360264566504475
0.6104955460874879
0.5888980531759838
0.5919642692534526
0.6368600473925156
0.4915211967640525
1.0
0.7216799437683578
0.7057766470590305
0.7742756639852411
0.649366804578548
0.7507871134833638
0.448251513874635
0.3252242283144118
1.0
0.8736878557556913
0.7880791439385454
0.47459123686118154
0.2179682420183614
0.6298284122740221
0.6754224267770556
0.5688667499894965
0.6736898996015614
0.8816992617930811
0.619865988899275
0.8394830306891392
0.3415070006848021
0.7104612100346402
0.3674019903989558
0.8222658533084074
0.3214529699530859
0.18097732739127892
0.3328657239960189
0.7544962002247981
0.6896826675109108
0.9567637226107367
0.6287990283435344
0.1929750070344165
0.8001443717824878
0.5772783975099579
0.666149816440119
0.3537686325218392
0.6240106631264872
0.6614604437750004
0.10401370529043663
0.5338254776444951
0.7608913432544032
0.5881299999797842
0.5749363351977402
0.6619523292692058
0.6371281243333459
0.7858160553188215
0.4193518281618165
0.7938949444802713
0.6157793340618022
0.9067188986517956
0.623772563839309
0.7272759025623331
0.8080808692838995
0.5121369504077551
0.26214834478845006
0.40795836114552886
0.731554701858297
0.5521420587189103
0.8730337726767085
0.04637893029825313
0.5061868418963809
0.8861287647550604
0.9445071016733536
0.9402947821504737
0.45647672264221106
0.36560482553821805
0.6759543877864371
0.5969361854507904
0.5705322771086547
0.7877450778990602
0.5189141716721394
0.9245269528128105
0.7870280401702899
0.9144357755315766
0.6084616842656664
0.26455283869293367
0.4600590027303484
0.2500133805207738
0.8654205301384891
0.3352799668557138
0.8282129273151214
0.78549365587687
0.6944358221910166
0.7105552738077332
0.6627461151235651
0.3738096638902424
0.7692109444144822
0.4828777742499246
0.5587823399961203
0.5838303980839764
0.6898746972615498
0.8012619751769591
0.8568366430780565
0.41714527958801795
0.486264912796329
0.5533111605672332
0.5689840856817051
0.7420449428832823
0.5482500839396847
0.6466710798739114
0.7180462023011192
0.8198749835907775
0.39922136270876796
0.046906953047813005
1.0
0.8892972755284608
0.9145336909204547
0.9268272604671681
0.4208558517128993
0.07682500911269974
0.5668515344533975
0.5715700712703791
0.692560136077439
0.7287666248097506
0.37621097917013746
0.6802246266053927
0.8495916948670023
0.09064298925917269
0.5347021741768264
0.5227674695527177
0.861359709933602
0.49301087536586263
0.8197565859584273
0.8396412114194037
0.4261236913372042
0.8171731475156141
0.40945020475760296
0.279566009416262
0.7237009458023352
0.36579982152177193
0.8694466357177886
0.18028286071848076
0.6625372907184249
0.5227295129777442
0.9002509765272119
0.5913181856483672
0.3984120698674025
0.706255076829204
0.9229151652158643
0.833127267968948
0.7561773244004422
0.5579723176756924
0.7453782486680062
0.7379877709830751
0.7189693622890417
0.4452556454528609
0.4887699705661186
0.7766363227925471
0.8821746210857826
0.7175395980355243
0.9182332218931394
0.8992065734197113
0.20803799875380347
