0.6800028098659693
0.3734880046672695
0.4084531770420601
0.7374128092708516
0.4628372780779447
0.5805183031377608
0.27687673209521213
0.5600502982973653
0.5473187603641265
0.7857181356224628
0.15211932326569766
0.7324294818686169
0.6128125866848012
0.5799603066000463
0.542736739982021
0.15333343611271388
0.5721736678291652
0.525275283242202
0.5647153174522219
0.8128689069747939
0.5948449818757746
0.73483668135504
0.5927209591344856
0.6205858013346983
0.740710974996246
0.6419410686283775
0.5662999994461079
0.6772338933056453
0.694686087984706
0.6694618697204724
0.6663740355251344
0.47733245230022536
0.3961111739820409
0.42822093144062723
0.4816391533227189
0.41662593551613025
0.6612973735588494
0.7483683800651191
0.6799925792316309
0.6384425564958961
0.4665801405608079
0.48076804061140854
0.567959543048136
0.7157383073776254
0.6675570210115207
0.591472987939334
0.3039593353587229
0.5864476997291913
0.42769643218037534
0.607536853536267
0.49659313620010126
0.42220971250428807
0.6325107339453506
0.5914030045723384
0.8150871576801137
0.7855355606043919
0.5410925456908725
0.6969624309677678
0.7830452478843817
0.7593733249406973
0.484592690023683
0.7749789928471437
0.13622621562140735
0.6896151568952291
0.5067140307180434
0.5636688295827738
0.5049852419412767
0.456473038347219
0.4807357869041473
0.389644164110063
0.7746512583097149
0.6825983622291563
0.6311804485442487
0.71888019594692
0.43048506360885574
0.5109965757150213
0.6993881145900103
0.6111481123620461
0.6319945590183724
0.6891419839946611
0.6915826692989044
0.5688916591158799
0.7587030051209218
0.40135189735274257
0.643255663986796
0.5261010209732684
0.5402655507765758
0.6897190038844654
0.36539318868099513
0.5147076167113198
0.6234019990874039
0.37642673313858255
0.7019781470371307
0.7406633291407753
0.5004815480603687
0.33784576993010784
0.6115255329454031
0.691388113846025
0.32097419105273484
0.4891354773259411
0.7371026046092227
0.3363491638975711
0.5655795770136227
0.4713431025177236
0.32967745742065535
0.46561049538320975
0.41211088944807805
0.48690442114379107
0.32416841808659136
0.40964727157525216
0.6639901672341219
0.39560640485278786
0.35247969388957756
0.5553062936558473
0.5320545084529938
0.5153507817779239
0.6128134853427775
0.689477380357562
0.678027026476909
0.5660030638501008
0.4344903588542155
0.6844699468554829
0.3644852127087943
0.39152057406986884
0.037022040583018834
0.5827586287981039
0.6230292515744444
0.8625667317598783
0.713531508762195
0.7161771567213183
0.8268847157880838
0.5668002591795611
0.6905478050699453
0.4395957859679629
0.3244184366758349
0.5372525744503288
0.5310259043878234
0.6161619277262292
0.4305792639655598
0.8044598932731925
0.24328701260193308
0.7370563062092541
0.7649151388542164
0.6257260233952936
0.36267030367529385
0.670686143702036
0.7436152067224551
0.5339461884097284
0.6007168186972036
0.5942258068645256
0.7030005170346403
0.394457830463969
0.6556010876878253
0.43982963759507643
0.4800159492949443
0.4651496904926169
0.5896342722313704
0.5736993494759888
0.7052631436472555
0.5252184074406664
0.45198283621356583
0.31721835758515204
0.6307104757546453
0.5627742817469946
0.48660777180685755
0.3977444838652142
0.5573645610919732
0.5550170026650801
0.5986909973460272
0.2873074015766315
0.606478834654773
0.5283361579811264
0.49054689514607686
0.4370331025278448
0.8208384604580382
0.8483296403208901
0.5477649389473327
0.5267688606983794
0.6311451171460648
0.6259862024946359
0.5678945452892459
0.5475417364135413
0.7444962671751215
0.6431232078017917
0.3878908783883611
0.6130530135965295
0.5515477564777723
0.6501827070162377
0.08848900127255155
0.4983417943774673
0.40845182339939756
0.497774869148758
0.5351823051625104
0.5588901644542078
0.5143680993250244
0.5814431736047388
0.567070361337381
0.5153600363227485
0.5452786466862075
0.6973019661279944
0.44810775296743877
0.5843286459889984
0.6067146792521287
0.642234733243325
0.5289618366543892
0.604670277331868
0.45121419843093724
0.5663964863412879
0.4348616011223174
0.6063384138602934
0.3389339512852221
0.4269917813533194
0.5913602364693211
0.5523211538195182
0.5781851771942009
0.4671737910204049
0.31502793874057033
0.7589484065850765
0.37891690924513854
0.46361732244880627
0.6926277890808769
0.8264919534921631
0.7638516205363707
0.6205096427901247
0.5766057536399135
0.45752482329245636
0.44236603245468387
0.6252146403593589
0.4882231057709807
0.5532910003705824
0.7281278377843478
0.6228681649845146
0.4294755598729425
0.597994845273463
0.6261561337889996
0.48339185854917166
0.5333554568104449
0.24359736008789623
0.5352655093332936
0.6803677651195947
0.34081316315616084
0.7495569979091115
0.7396039596465473
0.5130886425350717
0.5192545572790827
0.3062622613047228
0.6153194406245753
0.8493071234335187
0.7257311148931412
0.5438923368957943
0.513750182392169
0.5534969657983176
0.6332864656539897
0.42962180000547756
0.2587159509574475
0.6722627427441974
0.8790314313605953
0.5673116883119955
0.7426690412729271
0.4221688186932796
0.7214533299878302
0.654216560873079
0.44978187403869674
0.25232146794920596
0.5542560822864997
0.4706146147221144
0.5617897685091012
0.4763740011902431
0.1755889325551614
0.37277417643999367
0.6929876058930977
0.7464602603110045
0.27251361141871844
0.5436324798712217
0.8201576725578088
0.2759774989961862
0.49108276764395353
0.331908887807877
0.7176983069110623
0.5223427391941354
0.6012166887325832
0.6273883341594728
0.47646518498501234
0.6942409394322928
0.4856730904599462
0.6218670782034601
0.5775909285360948
0.7603016212227262
0.5390837390022408
0.6142006620405002
0.2974200816137861
0.5266991905405404
0.6437468205047988
0.49735679106035624
0.7176925615700982
0.15682332873174865
0.3380724709313161
0.5852523652259242
0.4683193935686647
0.38562187342673115
0.7623874150759832
0.4749367821140019
0.7610832102994427
0.29420975751683986
0.4001207007560845
0.4753856728911998
0.2655421389367689
0.5507217873212803
0.5032641761580741
0.555410823726789
0.36810982856493335
0.4352112571579325
0.5395597856902706
0.8294312192426525
0.45701748768095696
0.90879734423453
0.74356447830264
0.7986835941919366
0.7517274280728516
0.36244020446961245
0.7488729170117732
0.8539026769957809
0.5091402900595018
0.4669133192487689
0.7154125336032243
0.40704717292376436
0.7086152733576282
0.40913419748119706
0.6659377408329894
0.5857872037309959
0.4136316826339156
0.6108527609316067
0.42868172790023695
0.6700252744937244
0.661621732703874
0.7128789604698395
0.5017719886997698
0.5052119142873852
0.5869614227480172
0.785287435165154
0.5585695093446246
0.597382473485516
0.6137916009906756
0.44056341603002447
0.643480007661807
0.6660871328472014
0.3905813802657473
0.6349267169161921
0.536819047700736
0.5716526286367926
0.324959264298027
0.44084243362290976
0.32736137384761
0.5400119856040354
0.6255812665749138
0.7003369256198493
0.5695769896052167
0.4849478655657464
0.6112700513618357
0.42614546356524996
0.7040350963002571
0.7266110271025799
0.4868764570923805
0.4570918046793261
0.45696064310059126
0.505876343703813
0.5681587102889563
0.7208247301193383
0.2311975468247216
0.5499258930902542
0.5828545500115736
0.40534744225449104
0.5423683494573689
0.5398074938925032
