0.7368053675327508
0.9493726687393885
0.8437622901358072
0.9743133629423623
0.9169903798046241
0.8261978857513012
1.0
1.0
0.7492639992330826
0.9410412457439717
0.9868395701212298
0.8610065541978287
0.9065820863174568
0.9366353154929462
0.8934256724235022
0.7904212909596557
0.8995809966672895
1.0
0.9583361867220941
0.8510984905743408
0.8934424152679351
0.9206295306064837
0.8755667352365453
1.0
0.7810402721520698
0.8663896498034013
0.5121134212234877
0.8332421521934672
0.8293744488198537
0.9622479201300128
0.8723112023896986
0.5271126730640749
0.8796391935423999
0.8588947262035204
1.0
0.948323103313186
0.8750002773301684
0.796432581584713
0.832986066936054
0.5433773897700426
0.8376665157752528
0.7697745833298211
0.9505757126700262
0.8886626743018744
0.7707034065172125
0.9308404091071347
0.9308404091071347
0.9658708321035744
0.8492883453600012
0.8316725217786723
0.869973988731809
0.8295455705533837
0.7933124101203884
0.831399012963258
0.614463500411767
1.0
0.8834167025386467
0.8622531913860977
0.8577778360811784
0.9370797710571271
0.7609998321005191
0.9288173594171562
0.9434660790044739
1.0
1.0
0.8860410670762207
0.8701700962926628
0.9525108652337747
1.0
0.8390706149320765
0.8033024917468125
0.8154143399310255
0.6695465124993286
1.0
0.8373126154527901
0.7404704515152994
1.0
0.42632629214607043
0.8213969378294724
0.7501713248872433
0.8469820988894401
0.7444352592433672
0.7994655484213153
0.8126474065108533
0.8231783381113335
0.9113922611976543
0.5676590432078854
0.9846706565022039
0.9056503703320988
1.0
0.9078564506239121
0.8738380811468901
0.9177309221734695
1.0
1.0
0.6490501178050254
0.9022791145630955
0.9120415002555945
0.6533391006304047
0.7221479734774813
0.4884542840148054
0.9347913111624881
0.7137995026893144
0.8803839158745911
0.8803839158745911
0.784635057411562
0.8446183664477522
0.8620204354991104
0.7676196627970852
0.7800632536416079
0.7778787793850404
0.6548558712683924
0.8978185172883753
0.6930551170469669
0.7303279042300899
0.9274032606715793
0.7810103356244877
0.8393553636419794
0.9545633396160129
0.9738643771626969
0.8530128127047674
1.0
1.0
1.0
0.9225858343457906
0.970899484027186
0.8845947747737691
0.7418772543976229
0.7645970150475546
0.8697940781382489
0.8287274032741587
0.9225539424336391
0.9036031355856379
0.6822804079180181
0.5678501655818091
0.7792097550578905
0.766666086144261
0.9262783742187056
0.757340563394064
0.8549086929956199
1.0
0.8530128127047674
0.9584791506819791
0.8586759898722093
0.6810386764430932
0.45470252282588564
0.5074061917879293
0.8125914860628412
0.9050669430546708
0.689545709179221
0.7550846413463076
0.8016097440662816
0.8410054028948055
0.6843798617755835
0.9488293861936904
0.8944450009535176
0.7793850916436251
0.3777850909121998
0.6989383776124382
0.8777615649077583
0.7819957049719548
0.9054643626198597
0.9392304720580139
0.5833735292488791
0.7886455989078132
0.8280886192652511
0.8807661789209207
0.7823322763178732
0.7647373076328638
0.9051157128962721
0.8793747639150288
0.43347040107424983
0.8067963004088883
0.7636039140466763
0.9416139125469428
0.7905800786462813
0.41757213785489544
0.5672687722551732
0.817076575476862
0.8604479887970561
0.5640117110740069
0.3521610176550174
0.8069177134733967
0.8785952480986323
0.8363681604494593
0.5906251388940907
0.689419231438599
0.9447468899572855
0.8300282349392917
0.8238603383896623
0.7403645753358669
0.7691054140315944
0.7667280268113341
0.8455770070380997
0.9328143246384438
0.8151919541437979
0.8683255701301331
0.5437002207837345
0.8268119711481665
0.4482334781220281
0.8255329276632439
0.6318344380734181
0.784867842993583
0.8042867574308061
0.8027694008450929
0.8275230966547631
0.8995671672082212
0.8791823965454462
0.8474230744603507
0.8963593088293217
0.9398652101501349
0.8431280110906993
0.5826510984524464
0.8135440581583226
0.885472492011701
0.7699681691665801
0.8583869173317804
0.8673182787436859
0.6770521705269404
0.9077492476959897
0.35823650177909006
0.7449426815015326
0.5127078507774354
0.6939029038006428
1.0
0.7947547523286606
0.8141702841488226
0.4224013287342818
0.779434403675714
0.8682996030339003
0.8296846470147533
0.955852063615177
0.7238387616973284
0.7710477080497194
0.662317589626586
0.8160645141334762
0.7476982272520387
0.6991508203216927
0.8718478262780978
0.8600711665956823
0.9623406794171377
0.5417192911320371
0.774194396877203
0.6177281262033454
0.6037001957500584
0.8881057717959361
0.6176121239760387
0.48046245293067136
0.2195105334707792
0.9324407475493118
0.9303058216858962
0.8904289612074994
0.7915163340745578
0.7731583606301548
0.745539356655055
0.7287275068299967
0.7105721961033341
0.8390515933644509
0.8361425649220071
0.8495823825932025
0.6582632863032692
0.7564160966976136
0.8686889298711458
0.8287106222343283
0.8583164958508633
0.7328719945640478
0.8535306549856398
0.8746722383941228
0.8507239598590006
0.8694933152046906
0.6190700184306193
0.5224665914484796
0.7887111555032477
0.6204431708584248
0.8903671746787072
0.8431853343284048
0.9061828034506041
0.8887586782046376
0.834075237478861
0.7431832387828228
0.8318139907163816
0.8039372908409921
0.78637383035326
0.831529923996188
0.5657492436964251
0.8890380291725863
0.5652097534975105
0.5012279457161065
0.5956333609315575
0.7464483683138678
0.9392378198791903
0.5306630483829589
0.7682457699127211
0.8042740652936944
0.6613216148141944
0.8338230523117495
0.761614376012987
0.8817345291651844
0.8518726693390147
0.5533059969716465
0.678263632127513
0.702294112344781
0.890537692185213
0.7788891497998863
0.7080691407765206
0.8780692972206475
0.743310287376594
0.7209704411857584
0.7105233598692605
0.8101471281475346
0.6110786907903316
0.8422690845279863
0.728903417993651
0.7717493143536623
0.8035429841425866
0.6248755635638167
0.8183012176346505
0.5273335962143875
0.6548533667598649
0.3019637888951484
0.6822226265951988
0.791681172513484
1.0
0.8204626849917622
0.5743844047892254
0.6467997887839301
0.5701713065979348
0.7867500278323818
0.6021096113658669
0.6851592455436791
0.6170676268477399
0.7441942746147387
0.6585107204408965
0.726186174101376
0.6281485746693819
0.6994742686472573
0.764195723811232
0.8260137513064634
0.849402572193997
0.437707821457358
0.6360231494247848
0.39248865850198555
0.8920806446543529
0.697300199729789
0.78494205340004
0.741669071676638
0.6311805551343894
0.5674254481074851
0.425959954453512
0.709955525313924
0.3008947254370061
0.690301455076928
0.558036844610628
0.7234713122833168
0.5983013660782014
0.7682590126442329
0.557285633382171
0.36817331593153624
0.5589970586864567
0.7869026911919729
0.6632464204777335
0.556611743978274
0.6814519330370958
0.4927899904781402
0.6894143969140535
0.7308605059198303
0.744295701787804
0.7353060950791823
0.6000565392377983
0.420582597210696
0.485726575599135
0.6512060992706873
0.33511138381095296
0.6486123377948471
0.6091513676164082
0.5624762860187067
0.7064255437490944
0.21208788558135339
0.46428002805458735
0.7327536040640247
0.47218011137099347
0.3581617472834706
0.6114698444280098
0.6086489465109827
0.5410575378752526
0.7096045794667672
0.5702102398463595
0.822076931468407
0.7784697872398009
0.6938569270465256
0.4551123526395999
0.11483597147020674
0.7480504232254173
0.7852281405608573
0.6125678406491635
0.8600169163175718
0.83415481519605
0.8608262089902736
0.7807878115931374
0.19713380011143267
0.5253842047381324
0.8316749314843871
0.5576085458789688
0.7321589240132647
0.6486142541579719
0.5259148787876553
0.8149523319818893
0.7081654523900086
0.7418982987205742
0.8762582618232746
0.585254826402252
0.6842576819766641
0.6581596254761204
0.6767570333549707
0.7519219025051874
0.5043693629919471
0.8200707744524888
0.6821990941234939
0.49049109596881224
0.8191417005000048
0.7685062764235042
0.8174867006966144
0.534691859448102
0.6993081350733502
0.3938373488193776
0.5054225488028273
0.5960474529747181
0.49674019071954767
0.457273264289524
0.7680354527218097
0.6029867312901042
0.7238696182704762
0.4050334313695255
0.49819363053545096
0.7733048839851664
0.6961489009572888
0.5266344045379987
0.3535640245847157
0.0815553967883691
0.7260195857099732
0.44037203733809926
0.6827896072182598
0.4360973034072281
0.46105055533559614
0.6475224802164783
0.7677168360859111
0.7763988849366606
0.7365517900809995
0.6318187681206325
0.49588961743990856
0.7792969027637138
0.40238157635568084
0.683872722804591
0.5402903209869404
0.6634333264561841
0.4459855992435582
0.7677902360769329
0.5104702322448172
0.6889432221084761
0.5776791669491212
0.6580966277797428
0.7530495535591956
0.573309781098785
0.5789250548595932
0.32547124914343917
0.6180330517863354
0.5737401075166241
0.576376928765516
0.729331399398278
0.37721300230947763
0.5788519686777641
0.4897178844358636
0.7798761995976778
0.6721547812361436
0.7097144460522915
0.6649988736124676
0.545173671847729
0.8869416166900002
0.4582225723199722
0.7030302593780874
0.8134713514638231
0.4700644883609305
0.614353565298154
0.5672558763430751
0.7869661819521214
0.4908792510750257
0.30936172565714715
0.5045126794741311
0.41975445934227285
0.5973010391982265
0.6607143792584778
0.6155694626979336
0.5282992122283388
0.6377330619955229
1.0
0.8876544734610288
0.87505409551701
0.9183790279986513
0.6638446105390879
0.9500393784324201
0.9324247327583757
0.9056510611429203
0.8992373377323007
1.0
0.8752600923204849
0.8909428769125256
0.8361713279720954
0.9206295306064837
0.9223395628694322
1.0
0.9206295306064837
0.6640978502061299
0.9263483115010941
0.7516891115788876
0.8909966148084071
0.8622531913860977
0.7810402721520698
0.8526380207416594
1.0
1.0
1.0
1.0
1.0
1.0
0.9139257326703255
0.8186989016169474
0.9238368964248532
0.7450686878558294
0.9158911351509164
0.8281174441263393
0.9256397838808602
0.7662318081690052
1.0
1.0
1.0
0.544783287247207
0.8445105257322599
0.8142973201256115
0.7801536796287324
0.9289330888949281
1.0
0.544783287247207
0.8601104272327168
0.9175023242079265
0.8665856655607796
0.5904383892376365
0.3965367832376602
0.904969427052689
0.8338046980467148
0.9208839921072351
0.9005479275589424
0.7166891990479853
0.7571297457842852
0.875204189961188
0.9556370446018527
0.7885988021686622
0.781371316657403
1.0
0.9476207970670433
0.9001667084204432
0.8941598621176707
0.9089224110439372
0.6638446105390879
0.9293982236372819
0.9148893996529672
0.9440369817430053
1.0
0.7947927699131624
0.7997446799391893
0.9425006203885126
0.9492671722805541
0.9305568492828699
0.7695619057592896
0.8105549298609328
0.7865468665791305
0.7744753009534898
1.0
0.7899872520865509
1.0
1.0
0.7946218474500519
0.8718770173603776
0.9175023242079265
0.7950107581411748
0.8718770173603776
0.8070564964715288
0.8743138343716386
0.8803181281965683
0.766323377772043
0.9545409036381777
0.7587914619753275
0.8440876652291259
1.0
0.7037062233258237
0.8717628131391381
0.8994998739401878
0.5743146251836556
1.0
0.8530128127047674
0.8097761140663134
0.9400900877572707
0.8810370576103079
0.5915757858504591
0.6378478879938128
0.9448801945042357
0.9448801945042357
0.8959588954793144
0.8324810425047398
0.9043080211147366
0.7745892408093155
0.8106585359329529
0.8586903005763786
0.8088743728785512
0.9733575594265399
0.7812379857502819
0.8937220850355453
0.9642174339083452
0.9595572917903625
0.9122658419874753
1.0
1.0
0.8539423263916708
0.9466079865808994
0.9347319577906981
0.8978778160441541
0.9324673293190737
0.6423961667753908
0.8368446315847858
0.8523066903208326
0.8435842421901123
0.8530128127047674
1.0
0.7602486819383486
0.7902451762933616
0.8780225427031675
0.8413988395623283
0.8798920625181439
1.0
0.7308312376759758
0.8631837667445165
0.8324810425047398
0.5781458693407139
0.8238068223406538
0.77544680907329
0.7870194791159658
0.7110002001519676
0.5918267443491272
0.7987420142068178
0.7862537028511777
0.5240337846264694
0.7705768159974483
0.9175023242079265
0.8312505079402492
0.888288691762594
0.8134737815087919
0.5995862888667006
0.7682068520570107
0.8518828578987419
0.8708144979946777
0.9172590162343051
0.7536109222747222
0.8012974720720786
0.9208048519333186
0.6911601811093732
0.6734900174169591
0.7657179052256458
0.6281083727189072
0.7078258162461096
0.8357954673730478
0.680624334439064
0.7799140780344421
0.9516819375321367
0.9424923793686132
0.8952279670505634
0.924740667864186
0.9263483115010941
0.8488406800022886
0.6067090766060843
0.8495095832564663
0.8934784473893876
0.6260822435857454
0.8226584667031654
0.7794282477346329
0.576841507230542
0.885558992827321
0.8845762964408111
0.6840682976648138
0.7151215502199011
0.7027046996211301
0.794093984608125
0.8703458483058818
0.9295593213711881
0.8964707524706131
0.7389653012664541
0.7119549332445235
0.948641721277876
0.9210608794667201
0.901760965360036
0.7421897788655318
0.6399782217310755
0.768248917508302
0.7264370513522056
0.5224821123058088
0.8362407414529403
0.8042867574308061
0.8672862817871534
0.8376469179488268
0.8876707496310242
0.7945439624104573
0.6715614436495912
0.8273930526845427
0.7935525953943937
0.8244002711758134
0.7803148495862855
0.6640325162341086
0.8666762403549675
0.7937789713105211
0.717913351051849
0.781060401440461
0.8185074935825943
0.6480503354241139
0.8478069525471472
0.9489280064463333
0.8455411491737396
0.7409957150711367
0.6157346738876905
0.7012892611631774
0.8303578759379537
0.8701606833107624
0.600462086239189
0.9292526777737821
0.7332819954159931
0.8955826139494024
0.7211059536328686
0.9008292323026915
0.8972542047163483
0.6181815598900617
0.8549267003923805
0.8522262171008602
0.7997406961319663
0.9170689377569772
0.5160371005831628
0.9207296676136112
0.7863264350174991
0.6481927930519688
0.5791166284317611
0.8177575742731723
0.7091270048331026
0.8517409855392639
0.5251535924246826
0.7121931133755734
0.8306128646010853
0.6753812406908843
0.7474942591480177
0.7156833171835861
0.83203609569949
0.7551990446410526
0.6240667452903625
0.4409365842620374
0.7479745533523137
0.7044389809225352
0.5598992874621681
0.6415538878120458
0.8405060289904552
0.5941688748546089
0.7846622909333439
0.8645104394938659
0.6815210978532696
0.7304073285933734
0.7082003173545451
0.8353600509349961
0.7883215851548097
0.7531573660533768
0.8865419493659606
0.46229131794363343
0.7820900071574308
0.6444580753422556
0.8429632527165365
0.7862938785748743
0.7088540710348672
0.8540078352836697
0.6499597435473375
0.817142360477466
0.820493496495035
0.6936334057598338
0.5098798583181802
0.8811484623900645
0.36447139647018467
0.9117020010269712
0.7280364507912466
0.79718890022792
0.7319368510382548
0.7463971984211969
0.6670786819602039
0.6528676919248348
0.8596010364408042
0.7655439950975287
0.7405081516833583
0.9114570212840387
0.5490365152560263
0.8421347077870949
0.8107861345072678
0.7325261493026636
0.6408094248783276
0.7076296820447149
0.731867906664586
0.4556394997205093
0.36009593801996953
0.9050357265476036
0.6914295363050027
0.33213749648553703
0.7282237980150403
0.626870006416656
0.8376490058164235
0.8311299949013036
0.8006710226407957
0.8978826735711476
0.6723191438778462
0.796004807550102
0.8765945688647564
0.6832031218098632
0.5745285703326806
0.7344681341992251
0.772900317607094
0.6774284476501626
0.25923241070896574
0.6188933937440418
0.7898367279717741
0.8859283004358072
0.8773168843753817
0.811716794712367
0.878190126314916
0.6670755788348843
0.714224155408306
0.9416811915272658
0.5903087823070157
0.465555366341049
0.7981911969210865
0.8274530771235148
0.6593010128681858
0.8155417150039632
0.8192944963826911
0.7219255212269561
0.5802582830038219
0.5957211357009473
0.8457731391870985
0.9189223928898707
0.7388130479674958
0.8273526937745969
0.6487070506042126
0.5765569620916441
0.8499657723201507
0.6876523165372935
0.7470940285705988
0.7145598832667914
0.680857629674289
0.6312177246443572
0.6856860615823721
0.6788968097059553
0.6305589144795908
0.6435554018638184
0.7228512012035478
0.6864324511412028
0.861518848533559
0.4715139905844361
0.8509626401264322
0.6798853295366238
0.8367248049271769
0.7815299169637072
0.8633074726221294
0.6272807335481407
0.7518289032669035
0.17579294415356317
0.8547665228380082
0.7347590488062299
0.48519501107998253
0.740751244624086
0.4417393413257207
0.49232617448447824
0.6454836937865606
0.7154263831445605
0.8523659301552311
0.7119121991676379
0.7006183564950607
0.8413930788716236
0.8170272713199161
0.37200176895074644
0.4196596824325425
0.3947739758751262
0.6140842397857398
0.793482904102527
0.697310781945059
0.5784649731968531
0.7833363169325208
0.6305583762953262
0.7347561334559761
0.6387554840173834
0.5739618178962806
0.5297484667335252
0.7332708016505147
0.5983220774716481
0.5829548920380464
0.5664433461048929
0.747964058634973
0.4644372860566659
0.850788720050823
0.5828324172339681
0.758118451306843
0.6439175922965787
0.6345082506394681
0.757272851583342
0.44539290374759566
0.7470098186424258
0.562834729569524
0.7688989234706837
0.6289501188449456
0.7248568988368329
0.6894540639738513
0.5355353956251364
0.7640510896757262
0.7649145060920816
0.6720258410959454
0.632385087614877
0.5719385278745652
0.31449169527701826
0.498593027144677
0.5784889219098514
0.7751758018103496
0.6347280827757614
0.7537179240195698
0.8069349693605836
0.6411618619830896
0.5170105511011176
0.8167091594634737
0.8408546853322374
0.3700195255508254
0.5111298974846634
0.8286187776462198
0.34045656824210724
0.8698042539102793
0.7361785471676481
0.4805569669461085
0.7548879455502548
0.6176665926395449
0.5546187254646309
0.7184209043264554
0.5069377552283728
0.13864781025026762
0.7317373211518846
0.7900008257398451
0.7095331837150965
0.7146853426130096
0.5291605190759346
0.5253187882105081
0.21216444867630024
0.6052912415670034
0.4894286651896397
0.4414891031266224
0.6030952672651948
0.6713868467856267
0.4788444710127101
0.6827751557437116
0.7503109082574241
0.7042898977598494
0.8349870657037756
0.7627760987628259
0.5026399494169177
0.7044656904378344
0.7621725496059373
0.7450609759370662
0.6193853017949905
0.3124993511909666
0.4523491756543383
0.7949436452318195
0.6008062241833687
0.34554677303056436
0.5127511367882026
0.6884982954002552
0.18769423141386388
0.5868610030319364
0.4242607143879664
0.4163970138228842
0.6911226038482382
0.5257040271005945
0.4580142716195509
0.656494626111138
0.7920766922462057
0.6807315826496331
0.7330581221633147
0.7858271004980545
0.6681953268482165
0.5480390884813828
0.4236786197536476
0.7369827313700612
0.6763104114798685
0.6191387757092784
0.34789699600404733
0.8496847426410133
0.5627455113685828
0.6503718039139144
0.9306756240988994
0.966492538974615
0.8185537127813222
0.7395122323816128
0.7643695153606914
0.7398079643388368
0.6563177718558104
0.6975665885697719
0.8131463835070403
0.7810402721520698
0.8168662781201664
1.0
0.6028870276268319
0.9081514260979021
0.5271126730640749
0.7123895022538048
0.8712413829114217
0.8487390687673426
0.8388140083752389
1.0
1.0
1.0
0.9002396673494155
0.9373670670882125
1.0
1.0
0.8830119822073956
0.7287629725790855
1.0
0.8530128127047674
0.722604496445691
0.8293901644968962
0.8616191476900696
0.689545709179221
0.9472680787711462
0.824915536506198
0.565647556950062
0.689545709179221
1.0
1.0
0.7680275554098097
0.7196767789310712
0.735542588368311
0.7270173881918983
0.82423710668426
0.8450400114460931
0.8711871251444971
0.7344689414290569
0.8869194968293227
0.86898647829403
0.7797895508191927
0.8064430920063738
0.7969104563923092
0.7084080773326192
0.9048390097660113
0.7626255594918768
0.9300786440370843
0.7966030768612941
0.7389782227012001
0.701486841234972
0.8680665168083477
0.6433309789769005
0.5027250562195237
0.7767148491587548
0.6320100783793154
0.9030968813838821
0.6554947609718446
0.8578665215130024
0.6528521486539642
0.8605931870774199
0.6767747838214688
0.8227194147684668
0.6328928028737102
0.7685659659571298
0.6406055474920758
0.7214415131112268
0.7707549588412205
0.7826474766591752
0.8247583187012938
0.5990661706760264
0.6980227805540253
0.37856010973410226
0.8264846009796222
0.5252910100807984
0.7782035841512537
0.8607896648918683
0.5835837919197443
0.4742773001362385
0.20982549341010026
0.7785154587978813
0.739110680053469
0.7391636016060893
0.8954836631546514
0.7797446156486327
0.45452950047481444
0.320765027517912
0.9203846570449704
0.6775519837733532
0.8477427776469653
0.8541120894332197
0.776665509959626
0.8492883284027355
0.8350343970840961
0.7433517561658854
0.659388899238534
0.7382116804362888
0.8589549076092498
0.7196137158354797
0.7199245438480123
0.0560897977065572
0.6789461069996995
0.5718623307971199
0.3609901073673414
0.8283840326942101
0.47418109902500305
0.2466940550089909
0.6291905701879992
0.802467856509209
0.6448584503594912
0.7551870056778436
0.42028566419433244
0.7021001170431926
0.5988782937550271
0.5084293190802249
0.5307038053677547
0.07904232339140049
0.45529798117906406
0.7218718970673232
0.5928580656181139
0.3924211858211595
0.32935565424332625
0.7071667720520666
0.8362407414529403
0.8646450999464428
0.8695659958748758
0.8695659958748758
0.8806807858261732
0.7915655097903211
0.9347913111624881
0.8219796670845071
0.9440369817430053
0.9547149689269004
0.7670806627710615
0.9658708321035744
0.7245797317856273
1.0
1.0
0.8630589127761816
0.9373670670882125
0.9481540762272442
0.7615519533814596
1.0
0.7303279042300899
0.9244176520316406
0.9263595982015028
0.6222300108278175
1.0
1.0
0.8600474652762602
0.8424908201365935
0.9533257439694126
0.8926929337698282
0.7303644848842074
0.5730192119983099
0.7898914709865409
0.42567891300765603
0.9117458237627516
0.8631783376540346
0.9077569278984378
0.7258399575861894
0.7370846913871159
0.6029613756123944
0.7548979084594292
0.6556248222582117
0.8364347236988314
0.7756185425221607
0.8504216978518709
0.872473407318427
0.8130608488372049
0.544783287247207
0.6411818105491723
0.7643695153606914
0.710946772943984
0.9051466589369308
0.7714584013357353
0.8551779394133961
0.8459634484119692
0.864522006316759
0.8339643401215403
0.5994399808023502
0.8298934988394797
0.8021802659944468
0.8167762167880097
0.49962231383064015
0.6979166196881608
0.9107694525844173
0.7331519272341981
0.7550076186725578
0.6945310057548956
0.8029552551941228
0.8307218154298318
0.633493813326162
0.8665969464596582
0.5912278621603937
0.7583363294928894
0.42886185095595475
0.4704093256053017
0.9517799843643976
0.6127050895383992
0.9047231794533309
0.5639494104412085
0.7230356015822943
0.8252807693740164
0.8242499539196959
0.5303248125942164
0.6653019293335087
0.4495450613090358
0.7188426098742379
0.7711052586466867
0.8075856705505539
0.7021857795760864
0.8597948571551791
0.6724830964456272
0.7899385133816742
0.8665104604230628
0.7656787664664012
0.36661919955347466
0.3845368727616636
0.6550639721290992
0.5758797679666112
0.39746149150726895
0.6027403285493332
0.8196161946192306
0.5811879177578271
0.4498527823975602
0.26769971532504466
0.8266066947364733
0.7675739791388506
0.7903167610257426
0.09661500783574095
0.6987890162595232
0.6698983114224304
0.8248716427691845
0.6410617068768835
0.6779211704637752
0.5895555546410455
0.6923952052472888
0.6885596868504205
0.5945367813077127
0.7140547095141568
0.7360303483569861
0.9129134865534465
0.5598465050998596
0.8976244166718955
1.0
1.0
0.8062245064592884
1.0
0.7064314427549583
1.0
1.0
0.7771091758028424
1.0
0.8743543078537725
1.0
1.0
0.8809368553072091
0.8738380811468901
0.8582825075782909
0.9448801945042357
0.8324810425047398
0.6516275881067889
0.7338420437043265
0.7852238178580077
0.8128864054929956
0.7182700180210438
0.9481540762272442
0.8427383008410702
1.0
0.8840466508490948
0.8269440359248628
0.7651051173754402
0.8190864917280314
0.8418753805463774
0.8954258334453986
0.8430176119268007
0.7070431434759364
0.9372988771293332
0.8649501631644378
0.9305618840005931
0.8424221351188673
0.7934048468885228
0.8130738413236503
0.9256880939054241
0.8371309083186479
0.7639179917698428
0.9018066803256755
0.8458064935823181
0.7796596984251883
0.4098133740028982
0.8956661997463174
0.7617497736298814
0.720106897015759
0.9324407475493118
0.8676864419710125
0.8663543836106798
0.7548253241837797
0.7114594299592227
0.7454947288630188
0.7288201981950712
0.7434920641794883
0.7713634178799943
0.42342294454283447
0.5864909139115743
0.6553178269628559
0.8179406592971645
0.6925990085799278
0.7097974199760119
0.8665969464596582
0.7612400821779961
0.6312009344257571
0.7055332547468753
0.6467451337267386
0.29173341826965093
0.7721107381136791
0.4207115112077815
0.752795536275548
0.5583079916200704
0.263791006920743
0.43358865525510726
0.7592707027211963
0.5564533916022297
0.860560155717483
0.7773390894596263
0.6031221923991368
0.4655423901738329
0.4691838401199999
0.6936053543345567
0.7190925131111006
0.6024462368452903
0.7978546750081232
0.7782480554902778
0.5788689517724053
0.39596044590823776
0.7430268811110111
0.2589977937046539
0.6371569655654583
0.27420222397555793
0.5259045152223127
0.6594179605506862
0.6840979551234078
0.5254537943997977
0.6857482750640476
0.6287918128322137
0.5823026181553741
0.06782770099286806
0.6182347222901052
0.6745546340041689
0.6486905766381372
0.7739365932826652
0.6538695372566927
0.42508497297521686
0.6594462756990609
0.7408439519407778
0.6361507879111279
0.6825528846987962
0.5647364579098951
0.8270328750260083
0.6796344995338762
0.7558296268770146
0.43235950480567154
0.6907728671196333
0.29290852017363256
0.7036611807005166
0.6672633792295394
0.945852357596996
1.0
0.7643695153606914
0.9328885103914123
0.8414364413298382
0.7920311913507971
0.9299142142752697
0.8865419493659606
0.9633776061902257
0.9138457927666218
0.9514231168379749
0.8553469771243014
0.8448606266481729
1.0
0.935384947999309
0.8909966148084071
0.9328567416582056
0.9542017843653625
0.9207679208409961
0.8703458483058818
0.8122366751400006
0.9011861705146651
0.8548301684700701
0.9177533565641991
1.0
0.9373670670882125
0.8427383008410702
0.9446810609323111
0.8717628131391381
0.8831367796479719
0.814128355187544
0.8998787744227206
1.0
0.9034023724948225
1.0
0.7598453897894812
0.7964873723012812
0.8682127403620751
0.6993213619434979
0.605664120441459
0.6070448814367853
0.7639753162807147
0.28805395475210194
0.6803751535200129
0.8019600929544175
0.8125315110817475
0.7906497225317878
0.8279224165879453
0.8148509761424741
0.639470057469677
0.8509809529190868
0.7747821651432869
0.9114297403891399
0.7458179435548924
0.8530128127047674
0.8530128127047674
0.7547247766705808
0.8339966217216239
0.7612529080877206
0.8833227772071467
0.8355176481715023
0.7793458022720935
0.8703672461694166
0.7206977083786074
0.659037962793612
0.8081232362208615
0.6470397981572159
0.8362407414529403
0.31072492909756866
0.8807861158122636
0.8378474053117821
0.4512380500870611
0.7977779333435687
0.494223976999572
0.751097260201308
0.6769521987534878
0.6893124755945831
0.8251310654632401
0.7055309599468178
0.6637634363571505
0.5282443419106767
0.7766588923768238
0.6494671943212688
0.8365013910000839
0.8832351597941114
0.6581979836964048
0.7904851235865301
0.6587988693255703
0.6455359287825325
0.6062523401546337
0.70012726838826
0.5751059490017
0.8532175337951415
0.553178942492796
0.496195969062847
0.6279466545747224
0.48657237475447834
0.7242383143710016
0.6759457658696914
0.6363448862492884
0.5588955737003131
0.7336783514320014
0.7266714655952685
0.735705582283771
0.6256287370537368
0.7677557698038576
0.5990517355642727
0.7909624809884327
0.6707542261524054
0.7246206394888054
0.7216169330846157
0.7615999921038719
0.8140465240540006
0.6898082239761465
0.5770234931993017
0.6439568995040443
0.6957610543578274
0.6748241300814962
0.6374077275273746
0.4541297643765383
0.6139159571044819
0.8187579087329144
0.23931887960396014
0.15568284292498724
0.5918816507608274
