0.7118722062613514
0.805770155219863
0.9601922127247626
0.8523631179233163
0.8358006620110469
0.8515251759232011
0.8795620594936959
0.6894745611488148
0.856617070544855
0.6328958283657276
0.9171229689234819
0.6276885953133811
0.788178167515885
0.8508604929078647
0.8906547269585557
0.6831416487080171
0.8087918561174268
0.9722921569751437
0.7749124669642163
0.8315855370558403
0.9164077332285476
0.7724102758998261
0.8512836828266686
0.9608311980549629
0.8225274773349222
0.4788587676470224
0.8583828230126603
0.657866740909116
0.8100648849057209
0.9253614866507551
0.7455601640819172
0.7898539842277253
0.9573222336948181
0.5876145735588294
0.9392869988541426
0.8839516231347921
0.6589312201056042
0.792892333227247
0.9691944927787569
0.7767329855404125
0.88864032346311
0.9166040419674416
0.9147653645286197
0.8918336785482016
0.8980563775919504
0.5934556470400641
0.9002227722084256
0.8769740723582563
0.6406329105377702
0.8160687747920111
0.9641462346326244
0.7466667447537978
0.8785838476653304
0.8690902851880561
0.636319457047131
0.8724929020828364
0.9747013159668326
0.41093224018188823
0.9039742821810748
0.8648169418727801
0.6495083375333724
0.8978114761547484
0.8081202122238735
0.8771233431382676
0.6419448605185991
0.9747013159668326
0.7899068120127192
0.8020152188623563
0.923288206044254
0.8982454311557561
0.8983987728472365
0.8703511711185884
0.8112653757281547
0.5859622295430389
0.8578641378183832
0.5231839123995705
0.8535174554113428
0.7800391194007085
0.6738565172128016
0.7135973966307827
0.9491653723415808
0.8790666791290918
0.866836355277468
0.8349215116465063
0.5859009423119054
0.7783690526393267
0.9283516353710038
0.6391818341115649
0.7778839813100429
0.9206544496572371
0.7301179915928339
0.8594025263618804
0.9360214339154459
0.6560041310797535
0.8649030764230479
0.8949205979971061
0.5903172610149335
0.9337163141311229
0.7144497060910633
0.6162818255597132
0.8564443495463636
0.861009780602561
0.5780635474705483
0.8725788178622066
0.8033005836244471
0.8812345125442098
0.8198833530768311
0.9610225614237267
0.7658632485878085
0.6119256176809288
0.972842866561683
0.8305398114483424
0.8279601148252927
0.8906719047538337
0.8896573364800806
0.8949600020852415
0.8253956258950386
0.6824132567623837
0.9412164119257045
0.9202891499801077
0.8400947790451202
0.7409897136074005
0.9300609223314494
0.6062581495788776
0.625457765791667
0.8931991354287533
0.7868749424790328
0.6849661602059361
0.8875855422581082
0.7527041674183503
0.8860344117270079
0.8610851540028953
0.5937469236026862
0.7029712521786852
0.9318782483048458
0.8931069971573369
0.7236751791259017
0.9449032175184978
0.7838395017956868
0.881275164486281
0.9576816083928829
0.8716638399379477
0.7836047711846149
0.9653400990398158
0.8370594609038401
0.7674043786443974
0.6383956329185823
0.3568267259744975
0.9067485387504945
0.9591156089514192
0.8276164816948146
0.921876119967809
0.8443276635792388
0.7978883039330372
0.8304888016645712
0.9746252243089122
0.6314608262510585
0.86898475212193
0.9194025085959915
0.5007398287704306
0.6855559029522635
0.9343010145286388
0.6465904128530385
0.7333296575169959
0.8758693581090217
0.7670584489858839
0.7490705089775821
0.934618183288958
0.6905508821895923
0.8656717506324072
0.9132512995273914
0.7265517172831127
0.7794381881232885
0.953763916921494
0.5399570434645853
0.8005565700807379
0.9516952717477823
0.7922147138664188
0.8598867546281079
0.9410467784284197
0.38231853499936896
0.7285337032672136
0.9447305741843912
0.19587080431039716
0.7455267185192476
0.7815554247640952
0.9375650691853895
0.7948159739421206
0.9410759968670213
0.8075905035192763
0.8508550180735677
0.9433653202351968
0.7521863346232067
0.8848801549796314
0.8507846520889827
0.23765616208468598
0.8066366877093178
0.8466201033554893
0.6879405027744677
0.8694606491878635
0.8928865867743575
0.5518380564150234
0.9448678468939973
0.9250272173601108
0.7708047689429859
0.7357414165019454
0.8644194749911099
0.8394715387810158
0.8361033431253777
0.8548172894186371
0.5144626305659861
0.9074661168411307
0.8724188787368216
0.8335429956328229
0.7829322715260665
0.7743530356689977
0.5034560291381349
0.8800687383536133
0.9079990142792463
0.554717689996847
0.9088052311271139
0.9618653962366013
0.5504845353579274
0.9271460574023146
0.985870296626873
0.740253164796278
0.5194716243658782
0.8867301756342195
0.5441829142394576
0.7314788652659118
0.9091801935706413
0.9080747028852437
0.8912179623443371
0.9002958113709421
0.5241212113499374
0.8094995690394816
0.8438504658214715
0.34079684054430515
0.7830332731550164
0.7610044625079879
0.8468360229801674
0.7649857104226062
0.74690914817142
0.8132651196198204
0.8738509744744465
0.9488260162077794
0.7653609210403627
0.9193949586419469
0.5834290046527837
0.7586177133827526
0.5294088307329666
0.8400140725355244
0.713198343055557
0.9530395674955037
0.8303442236537832
0.6790906991953578
0.49275625083564956
0.6906284203516788
0.7616426355911645
0.8267827189930048
0.44033732048771856
0.8320550241945852
0.8246317371767893
0.9283848092820497
0.796154007530733
0.7044674049161198
0.7917956443426778
0.7607470559321146
0.7298768387920156
0.8468456304298064
0.6559422945348563
0.750527981253214
0.7843476222704563
0.8489485032242796
0.859700981144548
0.5891463529497204
0.7029544138882775
0.9367302812312686
0.47559685827149756
0.8828670068935809
0.8689309797279895
0.5143671616410543
0.6919392978569181
0.912315954553583
0.9137037778454848
0.9071638715317537
0.9475119031516755
0.9210650666914345
0.5918783632801935
0.7443086286767188
0.8840865181702781
0.911285604230445
0.7020457095909581
0.9358831138269054
0.8279927993990552
0.5982957997664996
0.8519857563064365
0.6932759519713254
0.45955642786272466
0.547408737923732
