0.6477602567445085
0.8467112786426456
0.7322411094172374
0.9156720507032508
0.7977060476123253
0.8066650131148636
0.9240863943320807
0.8641176086359241
0.7914376396126052
0.8941983434732543
0.7881056707550811
0.7925754839854129
0.6711464758677206
0.9103417819913332
0.6649015434937683
0.9181156283804605
0.564469317885013
0.8058680189019427
0.8937227555024473
0.9704333730890273
0.6768819178579681
0.9449771966130736
0.7357475728739783
0.7837078436391964
0.6074417463136185
0.6420374741579647
0.8969945321888548
0.9517366588358719
0.8923945197474282
0.6242832264936811
0.9080645367247034
0.9350543401932089
0.7913442753131352
0.7867343082357725
0.8628833604855874
0.7080391534097153
0.7025143638988728
0.8550882189339671
0.5196923825550768
0.5874059383116844
0.9084846472732744
0.9212156248137872
0.6416965007839729
0.9086934380413538
0.7947979899789812
0.8509420438346662
0.9646643212846758
0.7851038745496993
0.9037716790746815
0.7182649739573285
0.7377497253440017
0.9012624966305899
0.8591334853218391
0.8963551026361111
0.8825427948591871
0.6091328591646642
0.8923848246720942
0.8512308948933999
0.7774397764148826
0.7195160856541535
0.8910961694545411
0.9709128602613882
0.518750194706907
0.6710518510407653
0.5869845998597233
0.916856359887791
0.9192090846773423
0.9448546035204417
0.7678673242152756
0.8308337927304018
0.88126136678369
0.7927806405059787
0.8965808380125928
0.8448425370417041
0.8522859841747217
0.6525171231471784
0.7426427883218581
0.7856734900763835
0.8793605011919495
0.7814648571996357
0.8879686992155438
0.708454327688124
0.865466256727555
1.0
0.7436794505529511
0.9425903296621256
0.8525691005280093
0.7452180198541883
0.9215646493838523
0.9391883331277644
0.7131052708484779
0.8291170839538
0.6512079737656585
0.7844376075631032
0.7655497065870474
1.0
0.6376075792338157
0.6464579839841763
0.7922033073569671
0.7539270037693057
0.9156616499055873
0.8526031112174178
0.7841833999390581
0.8475109881073276
0.7233108480616646
0.7960172070525207
0.7722034228606074
0.7406776567115255
0.8162207131409189
0.827021625354307
0.5681200555261584
0.8537951751323936
0.6806717094882665
0.7633677462575797
0.7196596047237129
0.8386099771426175
0.9139688132811721
0.9304208686190498
0.6137632738674834
0.7918071534015713
0.5833169959968436
0.31373672961143695
0.7755661051039072
0.7196511097985105
0.6653785584325502
0.5736397730393561
0.7314061710129861
0.7809217749928657
0.24206675059105576
0.7546829970561525
0.9584323736121642
0.6473474624398323
0.6562708971954283
0.6341507971774453
0.8378248208646984
0.6629471767390613
0.7714932538365421
0.84008943564457
0.9211281166543993
0.8656300429759015
0.7453902880108316
0.8410049040477673
0.9278603594718846
0.8808773175008389
0.9308249541091035
0.7793196262046909
0.9434455685354293
0.8361561518360537
0.8944890107136135
0.6062818133166128
0.8102607030502039
0.8133609606521988
0.898975288661039
0.8277893294811457
0.47696920805339826
0.8669805297590029
0.7297259404546045
0.9296669481657446
0.8498344740783259
0.8116330569911984
0.8987360087147898
0.9610735397166739
0.8537828845581131
0.5775963479918589
0.7846429539949907
0.8350272130607495
0.6862739898791971
0.7236227809072441
0.9502590011665641
0.5741079155861812
0.7771973896144718
0.7921527769341957
0.8536404218417987
0.5300616433615093
0.8623213361265053
0.7488612461769064
0.8959340778974676
0.6791680024821601
0.9175418442065766
0.8713442665597391
0.601655766842308
0.8837703870650622
0.744603036873175
0.889287258370121
0.8533229426657162
0.9737303235118155
0.6905908184553
0.6353574920381097
0.7570391244367761
0.6884605471450664
0.5488149855253014
0.8300530445644507
0.7042091366683554
0.9277825792350489
0.6528631685774376
0.5643844545389484
0.705928630280907
0.8901208500888917
0.8050489882395195
0.6844218551922376
0.9280104199535738
0.8011058462609879
0.892528226594717
0.7544735060678542
0.8890633483111751
0.7711591696241544
0.9058148758728718
0.8750462230746779
0.7839061497411137
0.7150445799317707
0.7823222440321775
0.5241477787451426
0.7009405153704922
0.8100528240645761
0.8555726282794861
0.7086247373327059
0.846355262962404
0.5389589417484169
0.9453763002722202
0.8271159580232433
0.6578415647983175
0.7054179875666475
0.6936550576814754
0.7535750622886048
0.8732705446574746
0.7888270892847684
0.7394002371386724
0.7261001144720514
0.8080483533459175
0.8904863034744317
0.9008688276413793
0.6975863823901891
0.8173021704561685
0.7331901691304868
0.9115610535558724
0.7577433075207644
0.8573022957963092
0.5749989111295852
0.8466763229450098
0.8616358155015862
0.9042932367268712
0.7405035967959909
0.8016468194963704
0.9005194142575091
0.5800283878289622
0.8533155139938331
0.5984712498347607
0.692156353160619
0.8078615726354609
0.8256459067625034
0.8558422444958439
0.7995985554186206
0.7194486339283831
0.6955535627751561
0.6053829638042867
0.7534750996449274
0.5916516332154655
0.9235695629618681
0.91168036559779
0.8457373609823204
0.7185645371044562
0.8201833293860035
0.7696054372762456
0.6428963419591129
0.8226197347323037
0.8665394329055157
0.9567816569573223
0.8496989870162455
0.7514487711543303
0.8111994253750846
0.941353852163783
0.8861766990918505
0.955572848850631
0.7396044821379371
0.8241347907744835
0.8738755093115578
0.7067732351533759
0.6966071688312597
0.6024896776082824
0.4779861631501714
0.761034941858348
0.9339391824751477
0.6687369637665348
0.8814269672124898
0.878439964986448
0.8364494729621346
0.8167365679454849
0.736789094715362
0.8249803575778197
0.7708250359808805
0.7990138885552635
0.9131365658460321
0.8221524258005726
0.6689048486956184
0.8022524941543768
0.9172320686663852
0.739785575943357
0.8544942544260424
0.8678200411810856
0.8151040507685346
0.6606727560032652
0.9419557070804494
0.8604936525235847
0.8159067087407059
0.7865824740206582
0.7635195197661423
0.8290383444833945
0.8501885166585181
0.8830236780258084
0.6788901760699416
0.8271269502081372
0.7925932144453164
0.7936767260287205
0.8822661974164482
0.817428395497916
0.7110887778115471
0.3222078428607308
0.7527330058429136
0.9574844617817914
1.0
0.7927267418056533
0.8978546436117044
0.5183147853420874
0.7261739878518383
0.6307516656748985
0.7086539889743261
0.6349872699764294
0.8261049790010758
0.7545292558766089
0.9340223996756194
0.7489148543925154
0.776013891672361
0.7162482232249328
0.7734394463783332
0.9440265089856136
0.9144119204980272
0.9753307361822608
0.8873805073341829
0.9335925809550673
0.5005801694447476
1.0
0.9373485972078355
0.8592764569872962
0.7786831118902435
0.8667911920591067
0.7015428551509754
0.7749211953965398
0.8253648567691009
0.7799135064528755
0.888091375246156
0.844084846091634
0.8263417509013382
0.7028644757348683
0.8205044536683098
0.8678023721271197
0.880128164414082
0.5773967163769037
0.7026428288822223
0.8489548926866985
0.7261940427237928
0.47289290763125436
0.8805466532468059
0.4707130398260746
0.9418109080479337
0.805953790093731
0.9178351106951059
0.9609771960157939
0.9075237358277938
0.8632406056491261
0.8400922148546982
0.8475893127622531
0.6397812840973172
0.8214962306901662
0.8376957971526113
0.8158154150471282
0.7747691778053502
0.8891890647851203
0.640241579960841
0.8272511630685823
0.8896052377464182
0.8989895314244518
0.8584384174697011
0.9026210022265905
0.684422892043865
0.6037326025653884
0.732646377375809
0.8446418042948056
0.4387834794273149
0.9125957091742459
0.7676784001628588
0.8907445868719917
0.8514877975615347
0.7141656528767075
0.7878384431374819
0.8102805742471251
0.7804115696294004
0.942240158056255
0.8150869817664678
0.702417864471308
0.6456913521404684
0.7917605415715938
0.4550285285409341
0.8689779207820738
0.8552194857673084
0.7652722874938559
0.820497650312242
0.7304326699437605
0.7305682115737585
0.8520683015426083
0.9244030117835836
0.8239381045244223
0.663727517070016
0.6913782928634695
0.7109056951531354
0.5871931757360077
0.876526019082175
0.9059298764683253
0.7995899362049449
0.7392171450653201
0.9024907512858165
0.907506245897274
0.5967314812325476
0.8161590722259044
0.8471680057762935
0.2710659436557602
0.4839734294863387
0.818449200686353
0.8426528059631473
0.8060267727722589
0.9461703701669557
0.8431768306379579
0.6675260878803888
0.3147077965613847
0.792502822014359
0.8865181160256536
0.7067842028363645
0.8124710000668519
0.854114640271334
0.7054546839804401
0.9250565401151626
0.6142778976151247
0.6715803849814007
0.6726077653302274
0.9243295319376376
0.5963717231386786
0.9258397858054873
0.8726193691542519
0.7761520079253206
0.7978517412316806
0.7542810415274815
0.8613386556983178
0.7611841331161457
0.7402179549403631
0.711982061180004
0.8367904508495495
0.842598627907448
0.8304371025931734
0.8908923682567893
0.8626550779038339
0.8714889440508581
0.47506599568331975
0.4372571565090748
0.7512011376133383
0.4682851547487943
0.8854237668485285
0.8936304217751234
0.9579969185775886
0.7717057511650504
0.9021435204530808
0.7791205757855945
0.8594074939763522
0.6857380185624531
0.8900467340363805
0.845979524486535
0.8376596619306689
0.5678277263854316
0.7268542725879114
0.7394614890316883
0.8828280607598478
0.7467205110381092
0.806343113252042
0.8814895186169526
0.7719573527459578
0.8193099799720868
0.8377857801539901
0.7002925826836793
0.4752423198020288
0.9116718095338351
0.9220803224143511
0.7744187008952539
0.6576941453750471
0.6471822759187664
0.8702547119338001
0.8624687248459838
0.5640873613033701
0.7945686260878423
0.6965894343726144
0.6275317416568746
0.7879420799464054
0.9285094004063777
0.7757185201574481
0.8810636809585612
0.7109327935715227
0.7312981048330758
0.8411976767587103
0.7067073103287831
0.509096338774563
0.8860944984635242
0.732921377961425
0.93989792975193
0.8672009727656574
0.7823456969502536
0.6279986313838654
0.9234325287723405
0.7578091578967922
0.8113108030250484
0.8119401614278228
0.8154932415956799
0.7112698901194627
0.683135384244719
0.8303916785982006
0.8502985947788012
0.9328614558782297
0.6489493958758037
0.9246739853482322
0.8569841116852073
0.8176584109984951
0.8160361576681628
0.8951646593308893
0.47350021606754433
0.9132977957783162
0.8385416324958914
0.8651587561074779
0.9402348391590114
0.8430635205661625
0.7807425260969907
0.6205243255237586
0.8357683855589385
0.6948291894324293
0.8062576632276471
0.9138506954404755
0.6619692756272973
0.48672476139783893
0.881177487608764
0.8625142524458066
0.8510937823380661
0.8240204516917781
0.3734314249155296
0.6587169964649614
0.6420904342173525
0.8741578062576983
0.8352458747919085
0.791433408290759
0.8071802538812485
0.9546996194293889
0.5488782023897966
0.9674571099086556
0.5296916564408723
0.8981398403987365
0.8667390773753387
0.9507989723674021
0.9606107174376374
0.8437932536285949
0.49597715947860843
0.8017406495098452
0.9185917108019587
0.9490936013515162
0.7708956181266773
0.6911760885586522
0.9295595541859808
0.8628731753826409
0.7380446375564855
0.7308046746841845
0.8817814301054473
0.7171308301338284
0.9034220101216565
0.8482957671822522
0.7540965158462376
0.38353376929095906
0.7682550491582659
0.9396333838467985
0.6904082380533195
0.7347794999199135
0.753999570441469
0.5659291032530952
0.8218828802320143
0.8452293540136199
1.0
0.6619505456670607
0.9230510417710802
0.8893467795839249
0.3844196400325688
0.6856260502857067
0.8709858955485459
0.815614589742519
0.9197008124133855
0.8695225146533087
0.6948910168719661
0.8519688333212925
0.6037785107372564
0.7521384353146731
0.7869878614971838
0.7682259085040473
0.7205928459801461
0.866294233143026
0.7053782331973145
0.7148803056517763
0.8254898533759424
0.5165585438989146
0.7062767542591734
0.8972347647426465
0.8473858050860947
0.6586441862778142
0.7540631193202244
0.944008568663997
0.8905772137082337
0.6209424877608944
0.7717933887944733
0.8552428441886172
0.9010499636758464
0.7283094462927665
0.7816186356279115
0.7615345884032639
0.8548622654819976
0.7871351753589803
0.9304821102497427
0.6606472268909912
0.8793651909395872
0.7289319588784344
0.8011521996298351
0.7535519206726443
0.8273514031969736
0.8772156727415512
0.8553510936950769
0.8413039670747308
0.9684636137704232
0.8776991427566229
0.7951400976938401
0.8537540468598019
0.875796100613341
0.8509353551596642
0.8025336724283186
0.6858235737191857
0.8238275337632188
0.9359210477746613
0.8175887490032091
0.8711163006760388
0.8359171544453364
0.7972022055402196
0.7911008657241373
0.5833698965144677
0.7029753642264492
0.8297953933043817
0.6876891551714979
0.7973850574888771
0.8872154628847815
0.7491335745653922
0.8913271670334872
0.8016223665603245
0.8163976271501847
0.5657041141496179
0.518971164066752
0.815745405793531
0.7784109496620996
0.710729894282913
0.6859435108916715
0.8098531069748648
0.7563534227435325
0.9239975327946954
0.9055280574955104
0.8629313001188033
0.740909996763466
0.864041810545746
0.7844655631430435
0.937960545061482
0.6976989494038057
0.805174495342602
0.8897390633844194
0.778336257070602
0.9415454883289973
0.6467656867676786
0.8595493912911921
0.7794065179444568
0.9012465980309246
0.8833254158746723
0.8259528775497234
0.9051481418807693
0.8217264123699558
0.7821508100486891
0.8993451783529675
0.39616292480093795
0.7490708697876717
0.6892030760374497
0.6672228122079654
0.7512896020501161
0.6659213830235533
0.7906159568662298
0.792511411802606
0.8257190588002621
0.5999443110511132
0.8010091373403492
0.7800155895805745
0.5729022365122701
0.5494152580261744
0.8878030641128152
0.7375320211222434
0.7854084664209368
0.7224197396731514
0.7946814323120628
0.9011035681860935
0.6294233586525522
0.7150016855968477
0.7673927816806386
0.8683145990495527
0.8232888258798873
0.6891099903759103
0.8688493960891691
0.8174377958724396
0.9285672799430295
0.640410798972454
0.8789848564318382
0.5951417663561926
1.0
0.9203062490774898
0.7858957978306097
0.9070941511089892
0.8526812287330865
0.71951478511375
0.6528565122617531
0.7706539145610319
0.8420050350559029
0.8061880726383489
0.887234355763813
0.6799360184122564
0.9469791566627704
0.6613933950614503
0.9137410296014505
0.9341537310988793
0.6117953815569319
0.7816410460055159
1.0
0.8259679424660964
0.8841966429302283
0.8624772968814703
0.6518340585810615
0.8146315742040181
0.8663558373165906
0.726983348346891
0.5908649073668149
0.8272220143524117
