0.761947457183672
1.0
-0.05260609625565116
0.45069256952880155
0.8588887861520491
0.29370240756128396
0.7407119340610996
0.718196921209597
0.4530252410145432
0.39489922332693306
0.5009959703439529
0.842305558435707
0.8485432709831918
0.9015782742058449
0.6978207739299536
0.9570370495757619
0.40796740189628067
0.6270177797332295
0.937802430516779
0.2939385926886182
0.8685914127397164
0.79088255434366
0.143241685289057
0.508359931415502
0.5292032481338644
0.6174057696450678
0.7297499540806034
0.6602016760348678
0.35469245998777565
0.9211122597970054
0.728994324830682
0.7718867330256255
0.7470745571738252
0.9441611145663651
0.557475442653152
0.8463173838766538
0.26827378625260667
0.3912160414430168
0.33072001065349044
0.3498814396242118
0.8953245367208673
0.8205187307564376
0.47959070657303227
0.5551034555002248
1.0
0.4825364328517282
0.733540046685038
0.7018808573897135
0.7150662035326526
0.560285318374486
0.6943116707927811
0.6869421395504413
0.49430964095730867
0.4977995711587375
0.7544801777916272
0.8894095938551617
0.29394796106911913
-0.08017825793120381
0.6069423013462553
0.1918657274388773
0.5127645360046724
1.0
0.5549419471448448
0.8587763488668055
0.712917838296181
0.3733836245675102
0.4667907813052693
0.7740155935510925
0.5126312753728
0.8580614405365524
0.8878696081985856
0.8709465697579281
0.0914229789406199
0.7545293064523801
0.3765044275680475
0.8858733388030526
0.886003060557476
0.42732662824735346
0.7496357596002229
0.6309405233276216
0.36410838789387423
0.6919208715079248
0.3592695824075567
0.4226168358983282
0.763730606062153
0.5249133658889682
0.8949137813801743
0.17196573802032622
0.8617195044771782
0.48140964945016695
0.8246183143604869
0.5830491105223957
0.2852951847754014
0.9540227020844178
0.6699368205111532
0.9424480747197468
0.6172176573763247
0.46366273338714237
0.7888509701493804
0.5489338095650842
0.8444967350439995
0.8868392844480293
0.605164527062555
0.17598094787259322
0.4959876703741978
0.4157064154711737
0.6810486990361996
0.3691596932076009
0.6820890758854069
0.9144452835559764
0.5568697759016057
0.6683594133507497
0.6039347606235536
-0.11274789207840707
0.9056899597981212
0.58563636931704
0.9019886413741657
0.6822553416543927
0.8617787083645664
0.545221499216477
0.7728679366405915
0.6912513994275316
0.8052083600704457
0.3727189058528486
0.3646738614328149
0.6235987588325256
0.7431336900873731
0.8873378826557589
0.8346582620673749
0.7885090254858248
0.9200449031375184
0.607146080308579
0.5817782400001438
0.812135580845169
0.7328427969751744
0.7107971595877115
0.7103259480041275
0.9298417945218669
0.8768256621803494
0.673304551218801
0.8646516269561058
0.5758025598231606
0.6860227960343186
0.30300372091497607
0.18013556990813384
0.06209532328406331
0.7253867242792748
0.4632722398027327
0.26220736935419575
0.9018473943860525
0.37965759780416186
0.47460660798601917
0.3528831918313773
0.5802931364640425
0.3443077847574947
0.19412961232157855
0.6134363872830755
0.5197184756256935
0.9401387952163093
0.4327608311828577
0.7809307362622894
0.8297347806531485
0.8060323794122182
0.3682958637818218
0.6779184593055034
0.554935012299183
0.5627956618847467
0.20178477762803793
0.31492845638472267
0.5400819031011544
0.6572116746792099
0.41557676011955413
0.7457477275378355
0.6146688868684393
0.11229536346263436
0.8656813963312776
0.46185188107394726
0.8704307157781813
0.5184167780464138
0.6366448377491829
0.8383019885184775
0.4197622894677071
0.2818193505811446
0.8519304313475301
0.8354331818055741
0.8642716529592681
0.28171407595387565
0.5718840058236012
0.6938656618284876
0.6343163536139973
0.5936503478172842
0.22469646570456692
0.6928009357964775
0.5526985859614371
0.6516656498367717
0.6701826767818492
0.8263372380883934
0.9448864416896823
0.6312369274052683
0.18460418178281535
0.8711817858646699
0.7319195156493097
0.44375977060235794
0.315258275579144
0.854060983196608
0.671126150941364
0.9286086509447786
0.2783942900769615
0.07965751584012382
0.7284339505416533
0.05328159248339359
0.09575509282947281
0.5147954481284344
0.6176346893627568
0.5482667574015979
0.4033994102958194
0.8779103415223303
0.44963996515643934
0.8565303990776982
0.7067863953363377
0.9678083414089972
0.32293256885178523
0.32338035235697227
0.7609050389316186
0.9143722833763596
0.8021086418517035
0.5906710097198312
0.5490436054628602
0.913707084013226
0.31384992239307397
1.0
0.48390050808059293
0.4714467141068257
0.47435649847562456
0.8276589804371646
0.02700591779037398
0.4883407876739203
0.8164878435945369
0.8389164254649818
0.6907241026226717
0.763365238392801
0.8069360127205064
0.33553962321907416
0.7612367002377898
0.7625894879502336
0.5477349987453661
0.4048862669517532
0.48165833968390803
0.6868156282411546
0.5528586114858063
0.17380682396762748
0.4774242638488917
0.421962478895482
0.447560572506696
0.18706824608484673
0.9035678154972105
0.6241508581962775
0.773844311647452
0.6695079930244344
0.28138735494495826
0.6362325058665282
0.26425741110665246
0.8452477344724008
0.90292146507059
0.7392780457026225
0.478961346933088
0.24128659379743977
0.5441122951851771
0.9072863313663294
0.48935231876138485
0.666472826122107
0.8165321797903036
0.27123497456824053
0.38071048473138736
0.883998121192664
0.49454977545785916
0.8204734063230088
0.7064853111220595
0.7946343585719201
0.7119298706257094
0.7625433412073103
0.438215106990236
0.5980706436495478
0.4754318302459174
0.6610329659440881
-0.01964890080292836
0.801506277350213
0.7794072812706828
0.6151343863910653
0.34483178069762443
0.03409055289194962
0.5899530128956024
0.920658421361217
0.6638025487736834
0.6189240312259237
0.8128131769426182
0.8134223246006403
0.8794609272699302
0.7720319022785569
0.7627145764790338
0.6962556444652107
0.9585582531554112
0.915514760497625
0.581384822461845
0.7270219802624773
0.8366716495851173
0.808656504919757
0.27761936978462154
0.6774092528954804
0.6969440524643407
0.919667381449748
0.36499432999478254
0.5471793676177981
0.8231563219069526
0.8344340371370098
0.7461221573174824
0.6840361727817336
1.0
0.7685609608951702
0.6491172478121162
0.5435042993855249
0.7489062859826762
0.33433520822885177
0.6194196296300324
0.5364802564633697
0.2956230745497386
0.8788650524329799
0.8615575952206859
0.8692298621589198
0.9251189814079814
0.6275869035299397
0.4911170750935099
0.5526625288612493
0.6353113603144052
0.5050021023466388
0.25097266673096175
0.8890360836938429
0.7311347890699507
0.39851332315451327
0.8486594821595609
0.2068889179456308
0.6520196284433597
0.6928887569502147
0.4111759097745903
0.8590710277732794
0.8481424173721787
0.7940554209436235
0.8916338710838165
0.034191565822927705
0.4669938212288208
0.5623697162685469
0.04587694756390337
0.3343514133077752
1.0
0.8865391682094222
0.6045578882662498
0.6823045635019307
0.39611578622712096
0.49703774311326776
0.41129101688666925
0.7669922494209727
1.0
0.7830180882659618
0.30012129419589184
0.6422228787964191
0.870676686297332
0.25146588631064737
0.5425191962092303
0.47317377620658263
0.20614886193747672
0.9621380201125016
0.36136229871759484
0.6852013582338082
0.5912939223249959
0.4900424855032004
0.7643345459306681
0.9085094246164743
0.5107835725052661
0.29809739397200197
0.5938266185628838
0.5391304780380364
0.9401387952163093
0.7178446263628396
0.6886672741491385
0.33137615949236
0.7925212747135192
0.9243359066926146
0.436903921197074
0.8553198366127291
0.32238890892959793
0.80730219926449
0.7516101590267392
0.10755350207543468
0.7483528031906697
0.6701823206010539
0.8112330671983429
0.8097973139114709
0.8824488233931713
0.21773446152403164
0.4250294642623359
0.5613528419736127
0.6206164084624565
0.8538916648093843
0.8165993135566546
0.8762750825909024
0.6161287646727586
0.6614762125725985
0.43494341260182146
0.5743768597674989
0.7325898056912546
0.8532592729212208
0.7682659015289814
0.7184004897212515
0.8507729456839592
0.3996530656037871
0.6260241301924052
0.8512653504114376
0.45744829770125583
0.4785791046010137
0.6599060204123663
0.1324952494285888
0.8631725840385222
0.9011353109739128
0.23874336917208783
0.2455117851788008
0.4661859616816064
0.36498040993368397
0.6625319994176836
0.4853261632765873
0.680899907279989
0.6296072685633632
0.9229086868225983
0.9618222386522398
0.36383467283833126
0.5552705119152808
0.5993171393501705
0.4523491540237312
0.5956000403628385
0.537763784361388
0.9692189983212195
0.28454622184598843
0.9261705476708832
0.6476152073449585
0.1290432309626357
0.7628594405132625
0.7154150569870152
0.5720555101782283
0.931523860353667
0.6944120767726373
0.35503498706230663
0.3906288574324336
0.3510492460055732
0.5142227380807408
0.9183720537331037
0.6231380907493186
0.3341971890711163
0.33388492767713296
0.5057268522691999
0.26858962125574004
0.6872652022443189
0.6630598578504234
0.8738727194537186
0.8803941535531727
0.6952923249107615
0.723646084201184
0.4383788924447449
0.7070983172024111
0.5063343790508111
0.21698732337249516
0.6590635078096353
0.2901377732161545
0.4243020721544256
0.6981452990013727
0.5846089890400461
0.8930330969498299
0.6163496953433009
0.7523085383622669
0.6191999528376312
0.3079365297341491
0.2988969784256863
0.523485762048908
0.11743033865637775
0.5960550491754933
0.8168668997103022
0.7622944224625556
0.7039016725292953
0.9293824396714586
0.7947632692932479
0.43012256685676087
0.8425771527591455
0.5735162066235039
0.8570899272322162
0.2757678467495015
0.8609324682878088
0.5747531570909031
0.5058556437531031
1.0
0.4184630522740026
0.7356759427183744
0.7708098248572843
0.3968452332936121
0.7096626238720589
0.8938897185857254
0.6364926332034796
0.9068837329253183
0.7044169573563689
0.62278545597267
0.8443364879776362
0.8615575952206859
0.535878092866779
0.6029576006051772
0.8221048339042462
0.8891736386280135
0.13855487603869254
0.19359246577858236
0.7297035498139787
0.7576740084506937
0.35701390116885046
0.31544410588171645
0.884632692681519
0.8801075460886456
0.6219740543755332
0.8068096257294669
0.26023366864692643
0.5540186459159618
0.7348576399247905
0.11311764314868422
0.4428199516342315
0.6160343949291627
0.7017686034796328
-0.0019291141849868687
0.8381322714981873
0.720810828887184
0.5184876262050564
0.861394533421682
0.4361989287946224
0.7204299641919539
0.8839559183729234
0.36375278786790566
0.7342097755084412
0.07363462754150496
0.7982089483515741
0.7599617366234641
0.6452553307497284
1.0
0.8735650987239366
0.369281668831139
0.6979646929551842
0.77950905626659
0.5352683963995047
0.8916436908760199
0.46163128366577355
0.8072310284883594
0.394443448438048
0.7484747175051168
0.8647942497514086
0.81294997249728
0.808792804184051
0.3826043264441463
0.66132193467081
0.6874336456085889
0.3817365640763448
0.8995614605224341
0.7061645481497114
0.8802816896153501
0.9403632730411562
0.3121792897906702
0.5624573261103318
0.19661399088445808
0.6477740061573282
0.8693577328139341
0.8939281496965529
0.5202832540666202
0.8723789090465831
0.8008380433212493
0.7268116370822107
0.49924459217380024
0.8708442503000557
0.9247381995939302
0.5817503796338753
0.6310690622878161
0.5023908556783632
0.7963837937323106
0.8195450784844172
0.8544229464098657
0.14603060426520842
0.787592977787326
0.6501456277246167
0.5043284049718072
0.6534721528922779
0.84550003389217
0.41728323121899846
0.6786140491337739
0.7854092956732006
-0.12581938420528305
0.7280470674657672
0.603527615805411
1.0
0.37978645589917415
0.5999916327253347
0.7439672118194367
0.3892047056674195
0.8526542010087085
0.47970469344450106
0.7297361980785704
0.8742452253751808
0.2804638011467472
0.4001729701985097
0.65530572698598
0.2369142861578526
0.6354743139081306
0.36221383318539546
0.6529291086966776
0.864794376665119
0.8414187525636427
0.5996338146932579
0.67598507725761
0.6663401604653111
0.8434942349115427
0.8199601586050665
0.7748690197649915
0.3960579619334941
0.3379245743469068
0.5271563305726651
0.5598711396044717
0.05775336679912846
0.8271876162108247
0.5541796108147883
0.4499435773745657
0.7020659571649793
0.6098337179707118
0.6334261711281592
0.5085208505268274
0.47077322314519066
0.9439560899254007
0.49744602973733754
0.2118404800631698
0.546443040339875
0.8386266047138606
0.3891205892468086
0.32275469547084745
0.366475000305575
0.19735861116057085
0.5208947451217449
0.3638372749039207
0.19234665943840923
0.6706010140837243
0.21028856540896612
0.4854158728744924
0.7066305314071093
0.8530299094165305
0.7874147837901517
0.6024519278488385
0.39813492215516655
0.9414999807116637
0.2809138826652384
0.6400192825220405
0.9377809385700987
0.39586358997109516
0.6499429663831172
1.0
0.5463010458513919
0.5273573420245825
0.8817079018365925
0.6069423013462553
0.6119177300740014
0.2627886992988746
-0.15408478180358154
0.8472388279856586
0.28673693099442255
0.4508653818230903
0.44213434203270663
0.24433791245431713
0.5227731873305925
0.7148325949410475
0.4808003898128381
0.7699109615323979
0.39827790943541586
0.7618358271938483
0.35652371448925624
0.7952262221303128
0.039682058074266724
0.11088996662392847
0.44130238401772937
0.7243443961242734
0.5763390968664791
0.9377342055001983
0.9211388915458208
0.37689992957936624
0.19822485133242806
0.33419355266321005
0.677384452344759
0.152515858777731
0.5977998563727738
0.9380302647978027
0.5544258105116797
0.6616416785608946
0.9489192810064625
0.5846453992654981
0.28286378421992175
0.6577515877515654
0.8679040208051779
0.8087479412639481
0.9441460889132512
0.8023780705104591
0.8445748782884205
0.5789989214435649
0.7520420539969175
0.602918039205504
0.38091791655001794
0.46074689673738867
0.6079269172454402
0.7200084122378184
0.31050603375403085
0.22844422173712087
0.6653032480194601
0.7806009302366692
0.8274628214483891
0.875879550795722
1.0
0.2246307011014318
0.7288869469942447
0.3955044699138628
0.6978908840041791
0.8447980139336339
1.0
0.570142405825756
0.7551278067008352
0.6648589968741105
0.6368998244691407
0.8461836760168049
0.7921891517904303
0.9243359066926146
0.5217508054045719
0.8729824419096491
0.7330758421264056
0.7398738558866601
0.5316008927705697
0.6857392939599972
0.550565778037185
0.7065122201682348
0.5990540998486562
0.8703896528597108
0.597291993450608
0.6237887224981751
0.6191065919771568
0.7965906192844291
0.7632413036099264
0.7386123783827403
0.9390872650408083
