0.74348088324915
0.7575373995382487
0.6894335266589512
0.6192169551426692
0.7720919658860663
0.769696500354776
0.8254275610333607
0.879859187472277
0.8512581014674747
0.6130080505997435
0.6038835143639123
0.7900585978752958
0.8883217362578776
0.9537158488002173
0.5388131012586408
0.8330340880337398
0.7940233109928698
0.6411640632552278
0.9545532731980205
0.9087957221250477
0.7178267671951933
0.5408556434664926
0.8652068853163147
0.8196790600731971
0.7896045978140381
0.9559190314811117
0.8644500892989821
0.8846374297506614
0.8880437899645001
0.8664096430396554
0.8848599310530724
0.8639611973922388
0.7326504280852865
0.8903481781627167
0.8074734699358803
0.5045618207686554
0.6380925326812719
0.8301629922104008
0.9201968479897396
0.5787103119108659
0.6442322635626491
0.8165436827485629
0.8098041790442534
0.5380656170491932
0.696117901150508
0.7999734638051101
0.9169654252898952
0.77878768878001
0.9208199790909787
0.849311356422458
0.9445361627650987
0.9541170745413693
0.8946714569675295
0.5974368537392779
0.7241798178885279
0.9262129378241052
0.8924916322330716
0.8546140942287422
0.8470785815072732
0.8592741182852968
0.8683100331518043
0.6448412527593799
0.7365151978363882
0.7014410008447948
0.84090605416466
0.859567628052044
0.8328929325664834
0.8233401893136799
0.777749344027841
0.8414514581563927
0.907736627545488
0.9533320608339699
0.3964219715391425
0.6892856045435033
0.6833747242581729
0.6612956176529623
0.8588038021772691
0.7193922848005417
0.90213336357654
0.8286337133290576
0.4915475034714778
0.8729547287641272
0.8427637763263772
0.8335066693441894
0.6626331610853554
0.8636747380745439
0.7190253994845648
0.8964961673069699
0.8701810059225045
0.8201327164873501
0.8405213656130529
0.9118441660782645
0.4867905916312789
0.9392564539962976
0.9342217612494527
0.8688699145614357
0.846248546122422
0.9318814397526634
0.6213823966546465
0.6546975619335668
0.8494810446925738
0.6553420396616434
0.7459175981923255
0.717186166157671
0.7732958285217579
0.6251113461731961
0.9039008132123107
0.8745765284490757
0.8791346569128382
0.7685870550552515
0.7468305962641595
0.9088353031427552
0.641689583259998
0.6292706696180133
0.5148278071718153
0.786315757916152
0.8636822304993398
0.8638215959097264
0.6409471669403702
0.771403705160244
0.861403190507823
0.7376710263378138
0.8874635367930902
0.8349674650536888
0.8917642681422765
0.8224335268856083
0.7314769901802862
0.8389393499650035
0.645612271615986
0.8789198394243377
0.9342185529191541
0.8662715001798992
0.8535793510435932
0.7873303045561499
0.8134098583082352
0.7036025604908425
0.7866857157080754
0.9580900406650443
0.7961392738327248
0.9324738906297182
0.9386151831594958
0.9231618375357624
0.7664048030960822
0.6833334324272712
0.8826561444639996
0.7010316111913021
0.38565411992067533
0.8938004797153265
0.8458118556236488
0.7755726917879635
0.6753237364773854
0.8725770351801498
0.7965631386967803
0.7954146962698485
0.8327608997880173
0.7117750656550073
0.9297243314495188
0.5269879993365916
0.577975993204034
0.9247381558070318
0.9161793383015748
0.9328259157953821
0.782848481495206
0.8118395342460294
0.8169229226393486
0.8780829306556871
0.8449956119856205
0.8560129509557185
0.8832306215074014
0.9461267448232413
0.8145350829438182
0.7077087329817335
0.7355275339492102
0.7868997683561839
0.7253566114657858
0.9358804772273992
0.9229172332530192
0.5814969128894117
0.8476861279977294
0.8440181044408323
0.9291035315639312
0.8919768398336609
0.8809457573452332
0.7578841551576343
0.9346016552802362
0.915552638947796
0.8821196107855735
0.8190966662483576
0.9075269214356132
0.8419277539103841
0.6721978572186026
0.9039064817540247
0.7367243835706463
0.8702294354013181
0.9223684073211272
0.7891622503572343
0.855623126722377
0.7423721828621451
0.8204556340323519
0.685730999080928
0.6988710005102085
0.799192043513839
0.8135194502329879
0.8710925987438917
0.776359118033991
0.9493390459550525
0.8623528881916843
0.6631931469946629
0.5442725178744313
0.7314800031013136
0.7041848366958179
0.7508290728878172
0.9315265144523647
0.7477061720202461
0.8998079890263184
0.8851474910608768
0.7909468716942818
0.7937050023366473
0.7313181921417586
0.8550339586831635
0.5035745075820851
0.6100548654918238
0.92755400896523
0.8948544812325409
0.793426244128669
0.6369327520862206
0.7761897841724428
0.667189163353166
0.7386386823224121
0.8651779332395825
0.8612045772545096
0.8342125475858994
0.8623013605635484
0.8757247698467601
0.5249837358170246
0.41435739851636266
0.8187531417062359
0.890442235372084
0.7227637701378005
0.7687283156970296
0.9198054136892694
0.8294556339088541
0.8633379342232269
0.8316623328935725
0.8177391629353895
0.8547143305691517
0.8411427597313044
0.776384450076365
0.8424900912479582
0.5973163924684746
0.8071648827777814
0.6533344830346315
0.8716787090867419
0.8597152996087879
0.8115409168515203
0.8406175052258535
0.6402218877986289
0.5724940732726458
0.8982845529197345
0.8041465085281612
0.7645106038941886
0.7811879916675071
0.5114415508682265
0.8732780874906155
0.7595469009704876
0.9454990131371972
0.811321236458005
0.9085419451835719
0.8016169840682238
0.8923120641478463
0.9673368847035712
0.8119947350522797
0.7166491290046423
0.7562850158180464
0.6530512926494461
0.9207282004083056
0.9012157537813216
0.7037254007471846
0.8872953191292441
0.7770962661985378
0.9042137994893317
0.44778581557229413
0.6102840649737541
0.895915195866698
0.9028491483410801
0.819863580107096
0.9396551174555624
0.8900251660183541
0.8858608831845168
0.8306302555975074
0.9317034633917958
0.7874249498803847
0.7939732029298698
0.8002960500789524
0.7984187553173552
0.7607397628162773
0.9243316521355238
0.9808915869865068
0.9006818700113942
0.4758846494998632
0.8360584392885793
0.8844469308523689
0.902576693643029
0.9394927820603396
0.7922913188892946
0.9328481687397807
0.8740460649231662
0.6140130934161339
0.8575568374034506
0.8553416732739548
0.7204154120865566
0.7871602019645246
0.6864479791513031
0.5007597698310811
0.8204541519616589
0.925288697500982
0.6905306534259394
0.8419983683966151
0.8028773632953754
0.8177388900279862
0.9419662101507388
0.8395273105633779
0.7868010999136815
0.5455210003535108
0.8995790055957487
0.8924549727303881
0.898561959916553
0.81812515950981
0.9094823525448658
0.6772492801928006
0.6987789536825063
0.561672064261008
0.8292174773001165
0.8704064841403965
0.9313267273722695
0.7868078317482599
0.9436644252991676
0.5066466926429805
0.6419526574345474
0.7584869251897093
0.8740200238352805
0.8957960222522365
0.7308506603573373
0.9405687032058498
0.9140515659512094
0.8159064178981973
0.5866606571193741
0.7937215908105532
0.6426667833210196
0.6958685040560638
0.7175414563845437
0.5847607373696698
0.41145096254774827
0.8458523330278787
0.8189294973543046
0.8089979360276652
0.6417541707800332
0.7845626075847539
0.830074130204258
0.7774277036916646
0.8966382272479572
0.659416919856262
0.611058704940845
0.8162094532796079
0.9246650587003447
0.3064458061940294
0.8796807983852099
0.8454395702850589
0.8376744733585489
0.9339081498375765
0.6299967921194738
0.8621906747562917
0.8680725431627023
0.6386723966483552
0.27548895931386574
0.944415462394659
0.9371944100191868
0.8519700240604184
0.82217866897322
0.8435381228784005
0.8714479859161092
0.7022353452388775
0.8273135425425762
0.9451332213227664
0.8314596723795491
0.7471205955648832
0.6648655282519268
0.8212068020472962
0.7693012127301172
0.8872785110890484
0.726578813788696
0.8745240764122266
0.8921312071037575
0.8924251126702882
0.7183629759315949
0.9327085507473019
0.8415535180887118
0.7439142890668539
0.8955763628548989
0.743649286638077
0.9139686302354129
0.6345737852589979
0.7170206298998729
0.9005856366627955
0.8979593263667632
0.6345787737521997
0.5364141561063973
0.8996964590496994
0.7406369766016421
0.8622693179367328
0.8228757204261498
0.6984101965854865
0.8624033078058468
0.44995895940689423
0.8034770477964066
0.4504575925582699
0.8365568011624128
0.8426295276299778
0.8760707962464511
0.7065422247965585
0.7978141446350625
0.3257369764715421
0.9550274401302348
0.5556496477001667
0.7167731372195275
0.9572248040655533
0.763767482601155
0.7298711208257934
0.9785340341718287
0.8065580137514355
0.7480140534333843
0.7199940188588961
0.7178675353616876
0.944580989404208
0.7397612945753215
0.8927497116119124
0.7474711729498069
0.6886450890849867
0.9269461730160413
0.8139549707876373
0.843973380255583
0.917015536190641
0.7112400745226475
0.7408414194706147
0.8136985519378664
0.8209115327260119
0.8175778308998669
0.7972823339956061
0.7626093522870019
0.8671899015292408
0.9375592535482177
0.6713912543731845
0.9585361825239
0.7290195004285775
0.9574647945252336
0.730732985625931
0.8670655255179013
0.7997426539113103
0.7157467234906659
0.613560287946559
0.9595984221880773
0.8258485471435719
0.8282459841373654
0.9051921840212378
0.9370301336961769
0.7534279674062746
0.8580394380117952
0.8689005703984565
0.8691828929164274
0.7568714750736494
0.5681370082798323
0.9033303413235075
0.8025567266858119
0.5635599792479375
0.8408784810542785
0.7623952611525159
0.812755505738776
0.7150083020585477
0.4301812708760919
0.8042400315790806
0.5995950041055091
0.944951003262274
0.7896636216071813
0.7906212215955808
0.8640696298429643
0.8411315976537784
0.7546918907825126
0.7725182974710345
0.8187281234305248
0.8499078318004047
0.8590827507468225
0.9348752611783061
0.97287423462315
0.9866928889048756
0.6419031315641833
0.8664617628445949
0.8149476207034284
0.936066656058131
0.8877878739055706
0.7117124112369204
0.9571400570089318
0.7976211226730763
0.7655810746427314
0.9255120962102369
0.8967917669590335
0.6730529924598138
0.9286730856399753
0.6658361440547863
0.48225514279925774
0.8456008170849343
0.8240810412939328
0.8302949054660673
0.8565421418729285
0.8561338005625454
0.8737657725728788
0.9356874873896708
0.7583040250635396
0.7782862005314052
0.9502415798741961
0.7497416466245057
0.8987926229731558
0.8067857475271809
0.7609049022213611
0.8055972541117842
0.7378094958753295
0.794470213986552
0.6507794428215384
0.8579115898622324
0.8487987680243106
0.913618072003666
0.588898441858003
0.9205038714237337
0.9225826984401131
0.8672137757882621
0.8523144848827406
0.8536319657907797
0.8579904943933206
0.7070329265784406
0.8361366372575233
0.7409690713371706
0.9142364155290834
0.8533245738307341
0.7926441177127291
0.7648989405991222
0.8981346688612438
0.8737478733411581
0.8235835728140289
0.698135380289151
0.9610054422214844
0.8984466451893288
0.8484290475792229
0.8689258743218566
0.8158862220256043
0.8989217973608921
0.9388532501323431
0.5359857977605877
0.6900445326537348
0.937813526769958
0.6435882088602621
0.730262819722237
0.9167025559923132
0.818414960091297
0.9421139428931606
0.84509741368216
0.440499790028104
0.7383229680486807
0.8053621353806133
0.881384560679053
0.7258183695233914
0.7082629411213004
0.8690877986441463
0.9399695535978264
0.6039161154054621
0.8688148131239272
0.9165125878112147
0.6479481165018454
0.8683272738228847
0.6057480906734314
0.8729022646992006
0.8452248710546201
0.9264134222850321
0.8595442413838665
0.938322595551386
0.7002897580104721
0.7914727736657391
0.9365652265861815
0.9035335202473225
0.7571123431704072
0.867642514457675
0.9627438759299853
0.9253392293460372
0.9509710978281226
0.7949253447475302
0.5731035986926936
0.7016090249891765
0.7632685068342133
0.8707906721916845
0.9024727789438729
0.9228619996614286
0.9208341754978989
0.8487532826940347
0.8518879976158168
0.6245128448538277
0.8546027423068255
0.891383289029727
0.9216806129573877
0.8108519362906961
0.7625253310276222
0.5083702882269908
0.8147454810289482
0.7097431592895244
0.8635917397646452
0.9000618482031618
0.7545011281092949
0.7609257000325068
0.85500361280111
0.6246143729877985
0.7278693252946661
0.8734940292276172
0.6846748921101162
0.8068374961588216
0.3971530482369625
0.9312542455009979
0.7220668000456993
0.9423643154385929
0.8137211533649619
0.7821028495849556
0.8499577218851169
0.7078475372780676
0.8779468352244416
0.9208287148590883
0.9068716201170073
0.9074803413825226
0.8974029820125344
0.9227454009740886
0.78789948558005
0.7334296271116014
0.8194684088593538
0.900577727250626
0.7309891690729265
0.7266496726568146
0.9142559955270562
0.8045856399075393
0.8284890852922254
0.9277279353332847
0.7019026390376117
0.9069646004892794
0.8459061771949156
0.9582365577023221
0.9526751421392847
0.8251595183553819
0.8224473751193391
0.8258468928439835
0.8751228812574836
0.8566950175986601
0.8174330214478694
0.7937215908105532
0.7129320005470522
0.9720462609739369
0.8523845986993487
0.9096277332188288
0.77520606693285
0.5667847433594204
0.8167509056875746
0.7699058300953321
0.42453367788871543
0.8739967749505335
0.8284092168578095
0.7583282487889861
0.8727510142135536
0.867415032731648
0.8041893960723273
0.8240298219288906
0.87856656778259
0.7196830268301303
0.7571199453105676
0.8034589031056577
0.8553752708379806
0.8952864677709601
0.8380743425286755
0.8357090768508431
0.7445715666300072
0.8693507219212003
0.7542673059128113
0.706908210996022
0.7993093631333581
0.896953245746936
0.841199939592411
0.794059431740308
0.7946921369159691
0.8401115548345074
0.834114751827245
0.9171278700007777
0.5921368186961862
0.800417231348728
0.7902773126302919
0.8751824062756444
0.5619869693853066
0.8450596244727265
0.6319613572273184
0.6982914555170111
0.7514740814235057
0.8514997192908749
0.8803213655370978
0.8084022921641255
0.8147431987809778
0.9410912297295924
0.7254314316112629
0.8957435408456746
0.671172745945458
0.8668307557118403
0.9551593668504118
0.9051037554626966
0.6764661854915224
0.8275050571686303
0.7405766478171526
0.7442040054685327
0.8028214606004167
0.8090158800787597
0.953028739542968
0.9164428299145164
0.5058401953076551
0.8724872237890893
0.8568973754826027
0.7298811423245197
0.6247022008449582
0.764326989442452
0.8460925845730175
0.7967691904677812
0.7700435882124744
0.8797495336332175
0.8932879100852572
0.9500531886645946
0.5920030563488792
0.8688270720160236
0.9075180256031844
0.6542353807099633
0.7484842691745762
0.785802148936953
0.6687717346284293
0.5598745437883782
0.8209196422273984
0.8949051456190561
0.9230504582938011
0.9173157381882746
0.557643383059468
0.6810270488862225
0.9361118150017252
0.6059059584798712
0.7492412384488445
0.8761015564216842
0.8674685300544163
0.9701005041176487
0.916604456341153
0.5987591888341053
0.744655829334141
0.6069883818582886
0.6564987335442799
0.8743200952265532
0.5547484565346801
0.8046359602104972
0.874288248342949
0.8889244458500027
0.793424382571906
0.8883988362444099
0.7467926569263007
0.9473880320630491
0.8880012271959941
0.663100583830679
0.8283376598757087
0.9426119668963715
0.8788586904910792
0.7619594656300803
0.7928540351692535
0.8597075226184339
0.4572966817321833
0.5609912908305562
0.9282240473636364
0.6189794435928787
0.8833146482230062
0.9414947871630986
0.7784017511874417
0.8014486931412516
0.9225094849428748
0.9259767225216395
0.9456268249100869
0.5866498159935248
0.7952624198184937
0.7911362230259605
0.945304678681221
0.8074742491429986
0.7766793357678631
0.7913390421526544
0.8149305746359776
0.7870901845258061
0.7937633730599534
0.9524799589542468
0.9617308377053413
0.8345935385343954
0.8803129763919383
0.8057670727875347
0.8571018003577869
0.6803990116481702
0.6256398724310094
0.8923542353034669
0.8408308879400833
0.8529803985630939
0.5476402542050196
0.9443837885918733
0.6923678665538223
0.8477972655716721
0.6957186113887796
0.8183659706635853
0.6956954078217631
0.862904911068401
0.7374065538519889
0.7785487700345146
0.9015163659239747
0.8555665260130857
0.5781211066753508
0.7548581883318847
0.7349186746433981
0.5564144664678305
0.8965789391944888
0.6434158858678021
0.9097645195455287
0.7322195400326185
0.8217075326237494
0.8968814091888625
0.9205688268047857
0.8469207925816371
0.5362547623423887
0.7033521356730176
0.8472926036795
0.8899182661513325
0.9625001769027596
0.969214981995876
0.8653093617075488
0.93490076840913
0.7955118776320711
0.8368208834213179
0.7467466160910317
0.8172635098028387
0.9183816334629527
0.8903569057032532
0.7516327280852827
0.6796007588697668
0.8446500170176033
0.8243991203908675
0.8300243573880006
0.8290010813327886
0.6887887745974853
0.8698630004506606
0.6210516500783173
0.7308358902276109
0.885333789382342
0.8796773377853648
0.9270037235194919
0.7370295866114167
0.8206144770218371
0.7724676048144277
0.9085064538363096
0.7575356667446819
0.8978402157963239
0.7370371035723696
0.7887406553502062
0.9669012372325525
0.6016013727295275
0.7187171897933119
0.8221384058115673
0.7688518384492897
0.9548372226500418
0.6522154539853121
0.9124842032095262
0.9106765032006865
0.8027893716669013
0.8033832422999635
0.8362970073813581
0.8922666313290735
0.8176443995811509
0.8834609183345704
0.7542307063958509
0.5868928450574806
0.8174907427429027
0.8366178562204654
0.6982215786846324
0.6835407397174111
0.8376404760219872
0.6822241312255645
0.8584728994965809
0.8576786154168686
0.7927233179012527
0.639419191517653
0.8624196492951092
0.8083051559202554
0.8402727469629405
0.8330528323964544
0.9120743219876901
0.6789304977943316
0.9132711769546376
0.7451335737396325
0.7560382505355263
0.970509316676565
0.6936902916684012
0.9057996781913312
0.8105181260799158
0.9288362803052681
0.5982239492310021
0.8974718300657307
0.9295900362160538
0.879778885404928
0.8124987158261173
0.8207304884181523
0.7620017663518943
0.7238096123450392
0.6901784811801933
0.6575496845819808
0.8779988546899768
0.8793461922157398
0.764462596558344
0.8009059412365878
0.9293059656179453
0.6129271506532579
0.9137432588009828
0.8526750534829232
0.722118314007852
0.7292773591906219
0.807428060361377
0.7263420035784355
0.7830439563780129
0.7319505816855347
0.9443109845101488
0.857923268289737
0.9656476952913258
0.798500333677592
0.8235728382932845
0.8586233485007748
0.946533033209349
0.7944637961245068
0.7650162618526228
0.597668426249065
0.7747414444499291
0.7683602256449635
0.45614456538332204
0.8904529199514426
0.8875456576407038
0.8920821179937808
0.8585265850491105
0.9465685913066513
0.8198445264726889
0.6874131380040202
0.39200399987619505
0.9606393394560367
0.9147092003526082
0.7256585970202746
0.7618917406660703
0.9570798054331926
0.6938545852707412
0.8286998571712125
0.8135459123473696
0.9114599998949201
0.9102962502504476
0.7800528509621186
0.8184983007795255
0.6175917227726538
0.796593293635847
0.6220373359642197
0.8064646559305967
0.5068081989897802
0.8360709668178454
0.7852780443595011
0.9271018042242202
0.8731556414261236
0.7212234010548045
0.820872165562347
0.8538092353844229
0.7257844353055373
0.9313272098350334
0.9066092831557553
0.8669931504917837
0.8707174514356134
0.6147550520060583
0.7525097103454926
0.8779220222741758
0.819999098477465
0.8042548423006662
0.8009915559179364
0.890764110697177
0.8469983806284971
0.7504289304507066
0.5470978423539278
0.37235645341105306
0.9553601118112569
0.8745873913448884
0.9078087811391198
0.8828287109518752
0.8651224339869455
0.3393913936885139
0.525118639539156
0.9425322079363607
0.7218776303415336
0.7795373889921782
0.8945163885131275
0.67820775726349
0.6799443871303245
0.9078775019287159
0.8820538790388539
0.5488702482587676
0.9276600812211543
0.4249706149579284
0.9771268252438369
0.733544694636586
0.9116495430334445
0.8291469730527945
0.6861991280353316
0.89201701838833
0.8369695798207032
0.9378607984562259
0.8569197193733536
0.8445961611601429
0.898814382998028
0.731291915150072
0.9330185677308305
0.8959470437554605
0.7662539688302706
0.6689584199417662
0.7453504844894452
0.8146061732089956
0.8796778960498403
0.8058725955777348
0.7910772202267633
0.6707323969832188
0.7756693190531659
0.8759530395658102
0.6147550520060583
0.6083842795644758
0.7857003964367827
0.8335076348704236
0.3418339285280494
0.5358799483096103
0.9213773222297271
0.7742354364777823
0.5640136029415559
0.9339161406110539
0.8871770549832645
0.8283376598757087
0.9747161860644533
0.8676533379938876
0.8151042372115203
0.9185349114235648
0.8126953702790627
0.9478082819933284
0.9144137754511846
0.7489355172462833
0.8921860116268425
0.9435904666787135
0.7454427859397514
0.7644904556273445
0.9344702214514674
0.7324318324712831
0.8132887317318037
0.8837878673088203
0.6342434020909354
0.950045186382205
0.8256067148690718
0.9075823230671497
0.7277748083513279
0.9490394715719399
0.7820270642518266
0.5065467792624826
0.7480148663351984
0.8571585856762396
0.9179179189729215
0.502768698299632
0.9461992824840765
0.6789123128908519
0.965028700426032
0.8851780912004928
0.7695206747794784
0.5026525433015351
0.8725059485120008
0.8421137766020141
0.8725118241150952
0.8251920445636327
0.8709080453648251
0.9018504952543984
0.602519953930485
0.6313165617150056
0.8811583943074877
0.788155165120539
0.6255837692824482
0.9663792746226401
0.8601994097072757
0.9417978308154894
0.9648679783149283
0.8687513521584356
0.7782511504061203
0.7067943276002748
0.8511181276623208
0.8679615659950489
0.9393893436094763
0.8590652672213188
0.7657308858259522
0.8022510179577513
0.7006104150084627
0.8959811695597734
0.6564800355844334
0.5035639701200991
0.8902015632998148
0.8967135985053497
0.8351375193522899
0.7375372766106888
0.6440908693530794
0.8048160901481057
0.9572471524157133
0.7481901438477153
0.8615156962034823
0.9261012454226099
0.7372115344941998
0.6602948381575869
0.8641874361737888
0.734279166552496
0.7205407326313052
0.740916334286695
0.9046099799947321
0.8039959032758527
0.9099135567623606
0.8403081013692814
0.8615013781250798
0.7957943230598163
0.9185184732906713
0.8790710613041657
0.51469983809563
0.752606831465415
0.9120393613036135
0.9168276913676326
0.8830144209979058
0.5490153592393361
0.8722591467053907
0.870018230200453
0.9454764298999767
0.8632020491884731
0.858019398107521
0.866117203395276
0.8810079888308563
0.7859979305351578
0.8739126405878774
0.8355519593968752
0.7490797330280371
0.8402997178341994
0.8981754936083284
0.6741696335123393
0.9648280007859266
0.6510020942259368
0.8738899745546639
0.5691113377472735
0.9363225916332234
0.8336348213387196
0.7834156747957912
0.751987262504588
0.9092898836472736
0.6933587133866679
0.8737657725728788
0.939345845236164
0.5632170418499688
0.9256372826871497
0.7745307836015266
0.9642957134942637
0.7384800121007217
0.608149839117349
0.9313078245372365
0.9186167959762646
0.9071962505787865
0.6294691262822331
0.9395564917356354
0.9109782229816338
0.7936305700081464
0.8489690156154502
0.9501188312213986
0.8391900716932141
0.9557015860094692
0.7081355187204988
0.9591734018643261
0.9011546882231871
0.7715701564607353
0.7173085919680583
0.8631331362696658
0.8734940292276172
0.6652545253355845
0.7263218542591564
0.912571815971548
0.5582722337298175
0.9250490388962829
0.8557208731573739
0.7964689071859049
0.8964352789582136
0.6425271800187502
0.7164566446080994
0.9247431977005043
0.8283904298030869
0.8547049022653264
0.8506550417077468
0.889542271228688
0.6171608978882058
0.7761992269733251
0.6302850613224628
0.8156920290096737
0.7766699480619886
0.8419234481373341
0.7307133991589335
0.8947250361670871
0.9521269571984091
0.7432225130707485
0.6675152626197498
0.8183627387227157
0.9377515462414928
0.8935010374306878
0.8833170740887929
0.8688906851196834
0.7957061751267089
0.914333798403727
0.6670257895675251
0.8556220499049101
0.8864693557084686
0.8809826525526262
0.8925559711881683
0.7817058841362974
0.6743948682281233
0.6357622107163894
0.862137920555193
0.8152540454175664
0.8940287202613973
0.8284152507666154
0.6443694423702326
0.6551038859715463
0.8783414278081845
0.8237592346954992
0.8317479997020298
0.8693494899894272
0.9212541347678636
0.47330172799970627
0.5959248716721781
0.8401255933983334
0.6876266968739553
0.8735072501114238
0.6626050780214333
0.7422938418905185
0.8187012007622656
0.5770813918910456
0.9285452797696656
0.5304482342633059
0.8127956151754356
0.8299910342166087
0.879559595099909
0.6056279538908916
0.7026341480932379
0.814039539031777
0.9550046663395081
0.543032285867961
0.9261317889771717
0.6107269085139377
0.8584703233213339
0.8074395606301964
0.8292370003050616
0.9175071099611863
0.8335348602659947
0.917361446291011
0.9086446808372339
0.9162198142052519
0.9130465268983836
0.8051600934391373
0.7785630834617141
0.7302518979225475
0.9234119039084676
0.6437797885798073
0.8488590342639379
0.7502127537785058
0.9347780638503274
0.6712260444668645
0.8448318073313744
0.8892205561393376
0.8857408055742091
0.8066750606309968
0.8795593063826744
0.9290306616764995
0.792876873719296
0.8999489495212561
0.745538604454245
0.9720575278538821
0.7773224507426438
0.7185213185220825
0.8625505523972796
0.6651123911424983
0.6957363318038452
0.9436500390702706
0.8154104705896436
0.5456596357051887
0.9360844358074912
0.9259160727889836
0.7019805783669821
0.6566110884091595
0.822347310943193
0.8675428436179505
0.40273215012219055
0.753045812583458
0.7824177010390245
0.7367864290563807
0.9290816121562041
0.7181072884630728
0.6831896625387409
0.8860551059749073
0.7883339892633072
0.743920775587825
0.7241088122305743
0.8901605612439248
0.7196858575141932
0.8528880652025432
0.7914767661282596
0.8787737266129134
0.8734948695930104
0.8931084874417828
0.7204472821699687
0.7989517158081051
0.8838719436559513
0.7088746496231706
0.9650498036638661
0.8339173892733304
0.8907036730605301
0.7734546936853032
0.9223726257220143
0.8896681015944428
0.9444057293522283
0.6743592926556577
0.7454485873753592
0.8923185663381122
0.9087606297915286
0.7071054377011924
0.777846647976262
0.9467130249697668
0.9358547051960453
0.6353400920556769
0.9404483113654539
0.7098459525631924
0.9291689560535684
0.8060100592919882
0.7499246036400274
0.9754608079951675
0.6157711300027962
0.7577403724833693
0.8943124104725151
0.5803913261575883
0.8666147222762606
0.40997704157604775
0.5222512557425346
0.5663905481458787
0.9106114375364182
0.7899133707026721
0.8929535103351833
0.9612817507079374
0.935859332379826
0.6274538062843211
0.7886908040187363
0.9331988141745458
0.9359894698345191
0.9086539520450637
0.8779823860362783
0.882551853570501
0.8458052940030374
0.7786231693963325
0.6613452044302778
0.6775934283797644
0.8663839373660234
0.8142050022167332
0.9250289265005572
0.7254112445527782
0.6639755504248913
0.915466556437226
0.9860624966409948
0.8358357797160962
0.8695141485346471
0.6842124955240397
0.7590594038176145
0.7334137069274366
0.9123579408070698
0.8692188464065429
0.8295783204990471
0.8239678728285031
0.7655905956715169
0.9287627545878895
0.6420341759201055
0.717507350780672
0.6166760021454578
0.8056829122580195
0.9123973094644049
0.6220926092885457
0.7922897406851046
0.9554431069659292
0.32873153504739316
0.9433173936684771
0.9388085881496314
0.8656006761566072
0.8370160680107136
0.690965028664596
0.5838650747552591
0.8915566567979288
0.6357318442683353
0.8269001000380425
0.7450593970353524
0.7158783190094724
0.820062735329343
0.9149968332417026
0.8537528890988926
0.848794831518188
0.6585560188828773
0.9420444358497605
0.7809173753003605
0.7841564153361642
0.7187519316113796
0.6416615120522435
0.8377670975999193
0.9549898484207309
0.7812711578797213
0.9117447423408473
0.880507361600999
0.7705756799349182
0.7638973781203435
