0.7288717451970192
0.9361526706198898
0.9363117551710796
1.0
0.7616372748163512
0.9554509233897563
0.6458748419717195
0.8539200039861602
0.5970831438482216
0.4828503968297999
0.8622862078517742
0.9270007441793906
0.2389691372092535
0.9063689013979851
1.0
0.5285508499668153
0.7106396015446391
0.9483527236997354
0.8773542640634425
0.5344335744809691
-0.06808421351419303
0.17427452190301373
1.0
0.69851903529301
0.4438539045874603
0.8026879059577541
0.6254238668779754
0.7782398892283092
0.5564626146674693
1.0
0.6279475143856853
0.6736555490774908
0.6183029371362617
0.8541433251561421
0.8011568843421818
0.9608519276589963
0.22929039659506878
0.568806095457672
1.0
0.5243202618906805
0.8077460093120723
0
0.5468711829304549
0.7487936487767858
0.6758984768128464
0.7788736517220555
0.6478105830796625
0.9483527236997354
0.7137064434748744
0.2965335151456465
0.8370568725066304
0.3662766563262413
0.7718786485702654
0
0.7358278848824786
0.7982740530952438
0.9656512987220381
0.8991427065986516
0.9687918573658674
1.0
0.470157042992143
0.6494810554169295
1.0
0.8280246877993988
0.7343061915764018
0.7570430676630567
0.5642947018110573
0.5863079129233061
0.8461323841142218
0.7931256107788561
0.702912406033083
1.0
0.7702825136935406
0.6835280609844534
0.9149279270731134
0.7550939289766037
0.8161625757425437
0.6333451888794801
0.5903099854300253
0.6709778581239819
0.8949429890016138
0.38597914600837213
0.6893392747130502
0.7774146375608437
0.8848925611305222
0.8488170741701335
1.0
0.5797518273386293
0.8148160479664194
0.6302791714688752
0.7184160739531785
0.9119976274308251
1.0
0.7347365963706924
0.6187307296848388
1.0
0.10095122429809655
0.7978137386557892
0.9423809657773824
0.6452453617250626
0.8921616684300901
0.8413666636018111
0.5598427164042535
0.7995070261023502
1.0
0.5565785117611652
0.866393790836161
0.6211905458774303
0.3838142487934304
0.5226407942622682
0.7985667248546127
0.7286586961884589
0.6869366274487279
0.885450732506019
0.7792817006730485
0.7760524788787543
0.8903344066052556
0.5039232408645764
0.6478105830796625
0.6183029371362617
0.36500916782544046
0.7505813297706324
0.8667277970288004
0.7454195358071053
0.5467249033182487
0.8084517317810836
0.6076470476488689
0.6523777235718867
0.94261602904875
0.716524087317015
0.7650978535151758
0.7563882460831213
0.46312514357325363
0.7426761037852916
0.8485656681275944
0.7860473834759253
0.6748195713354425
0.9033964685190682
0.8968778458085328
0.8380713873058038
0.7660090570332322
0.840346784557773
0.6835280609844534
0.9813261133191397
0.5836065106355842
0.6277340920873974
0.9105843248503968
0.622047883437042
1.0
0.7447599499954035
0.6346078011028263
0.8008637630340489
0.9709994045937992
0.6292734131059244
0.7450240637252388
0.9607406402910915
0.6370614899534172
0.8539200039861602
0.7151548184750389
0.6796758192587258
0.7664528032682972
0.9534003889921459
0.9371022238912773
0.7332806716297084
1.0
0.7810029028276186
0.7076259536990289
0.693736902972334
0.838483141447203
0.5940136662954226
0.9744426607656876
0.32621761759508217
0.42343093761539174
0.7184691897088349
0.6886731776162277
0.8821454873335272
0.7429434670275323
0.43060514223224944
0.313011070173147
0.9347451452490613
0.31309123463108457
0.8791613319771375
0.8204149862935084
0.7007221968461271
0.38535211527540303
1.0
0.8023468564898909
0.8179059394068586
1.0
0.7591822227653964
0.5702255350887621
0.83896165337898
0.798389332392372
0.9025240861810885
1.0
-0.0773901313171188
1.0
0.8154372476553309
0.2774666728029114
0.8378737042321356
0.46340927992413294
0.8000073034777815
0.7131414208837171
0.9746641129489708
0.6954559528935194
0.7834983954056728
0.9541182155470028
0.713387924629004
0.877310228951015
0.7232404136683325
0.7694809007495058
0.7959533566889768
0.5071902215971136
0.7947733872210409
0.9455739170714127
0.8695968284275183
0.3088052622977535
0.2965335151456465
0.9277657204054429
0.8936116209119555
0.6169491336707488
0.8871875018277745
0.6181347147196956
0.6389026625594169
0.9534003889921459
0.5161525574675146
0.6138383358381121
0.9045568413956786
0.6279475143856853
0.905571363319046
0.9435353140649053
0.6187201147130166
0.8222483490662769
0.9270007441793906
0.5687294128831621
0.7406027126636399
0.9566436977371173
0.5528740995907157
0.9186938530224668
0.46340927992413294
0.7055135747033237
0.7532058938696937
0.7234658101105721
0.7899326378767277
0.670127922403145
0.9170009751549825
0.5585250986650603
0.8161625757425437
0.8780802137506979
0.7328586003557366
0.5760316967178329
0.9334828752417234
0.5039232408645764
0.792938027606505
0.8745353840204392
0.46634861854034937
0
0.8823755393597835
0.6279475143856853
0.8012933088652854
0.928602067865337
0.8665056809353775
0.6794698502728618
1.0
0.5754039547036133
0.6523439874681236
1.0
0.5316623510417553
0.5150204188193064
0.9547803228085855
0.6172134812305188
0.6556546893451559
0.7671896938409639
0.5964011123363969
0.7754016732408218
0.8205378908045667
0.18073518376021214
0.7142880142606942
0.9570099064090183
1.0
0.7029924019795329
0.9534003889921459
0.6452453617250626
0.7254668200067388
0.9773926866147122
0.33887298611791716
0.7138766059930772
1.0
0.5996620377122344
0.7532058938696937
0.8635881204216672
0.7527734622075268
0.8252566949531519
0.5872377295476945
0.8259771935921594
0.6550214503844719
0.9360870278055592
0.28539741080376546
0.866393790836161
0.6440226044783935
0.8277901217355081
0.5346278306470894
0.8452266485781976
0.7977296127010166
0.8443252051725959
0.8485656681275944
0.8735016184134786
0.696380809784763
0.8828689966470802
0.6642356507429041
0.5863042005011837
0.9135212600126413
0.5718959632940586
0.7092347024516218
0.9241321165018257
0.7022267161764976
0.8372325738949595
0.8048735206955542
0.8860033906807029
0.5150204188193064
1.0
0.5755499761238032
0.8792209440731394
0.5640232073841464
0.7005227828897249
0.7235074175031464
0.5411516131778176
0.27157432805124904
0.7092347024516218
0.614885683813288
0.4496725247109663
1.0
0.3773350642448323
0.6701716795009721
0.9684597605766005
0.716524087317015
0.8345799759570509
1.0
0.4830235875764781
0.7211748961448261
0
0.613698598242449
0.6973197383666978
0.8676548633009781
0.620271287896719
0.6254653500995454
0.854709221958994
0.5755499761238032
0.5240364013247993
0.8872113573261864
0.8072456218255635
0.5028176216171085
0.7580319301508158
0.7759587292579945
0.9085768188748046
0.927369436562457
0.8719698592046062
0.8767543887283519
0.8850737014952669
0.7548266282558254
0.5004830565695179
0.8218128786150896
0.724390631690121
0.7841689296270528
0
0.6994827701498831
0.3663825854456009
0.6254238668779754
0.5859515230525562
0.7301184834898895
0.9411188066361594
0.5832201404116393
0.8222483490662769
0.9170257641795493
0.7188769321946108
0.9251298411227555
0.8603055336847995
0.49144713324127265
0.657569148065669
0.9398841664687695
0.6183575035189856
0.9436403572742945
1.0
0.7127341756575345
0.8802014757814092
0.8059543355479287
0.7942076326203968
0.6851249051527798
0.9773926866147122
0.5056863794538935
0.7062361999012562
0.7610442130766105
0.5958196871353055
0.6200057940090521
0.7184691897088349
0.5140618628714642
0.9178424742263355
0.8844243617315124
0.7710082977677891
0.8051495496657263
0.892755988648645
0.5801221718096267
0.902179084132361
0.8946156760649285
0.5755499761238032
0.8222483490662769
1.0
-0.0773901313171188
0.7147209031151167
0.693736902972334
0.4916612832752869
0.7138766059930772
0.7184691897088349
0.22853229008088094
0.7061915879836355
1.0
0.8178141686886516
0.6913983930708797
0.8738218825669785
0.8838117331697386
0.8268567733805713
0.9360870278055592
0.8400570220706304
0.5772713583701314
0.9384347640685958
0.5863895303163412
0.6324758003073796
0.36558846945348367
0.8791902748315796
0.6737826587620289
0.9132228658331818
0.6233089216438741
0.5147431076402144
0.9358061894478208
0.6451086531333574
0.8340815919395906
0.8485656681275944
0.7992959312979275
0.8149346077661211
0.9054438155847625
0.35016791503506695
0.7366791406915628
1.0
0.5034413947471946
0.7774469583974616
1.0
0.8265869200162413
