0.9048261536443546
1.0
0.9261010587163138
0.9305391289021367
0.7427711718067496
1.0
0.7461259188858216
0.5906710097198312
1.0
0.8891197107977232
0.6774322256048095
0.6483134143909378
1.0
0.916604245627107
0.9661518717574568
0.7980308440046222
0.884709656276342
0.8739623574441383
0.7245967760830947
0.6823019519397399
0.8421509517021883
0.8858733388030526
0.8815687291726936
0.5596350182725879
0.8116167169607363
0.7393783147566291
0.8168912033453294
0.7583675643074416
0.685799503656094
0.8438812177449855
0.8176088398443143
0.8930330969498299
0.7641773336230752
0.7550558627969177
0.8571706977966232
0.743265307371984
0.9349686182009886
0.6737796691147431
0.6908857684424147
0.6800362401785051
0.6743322572040124
0.6523759071485784
0.7747996893802042
0.8478660272406066
0.5089108277043168
0.6414472029040634
0.6074566783539271
0.5818651396060578
0.7008149096878392
0.6858148971317176
0.7140853154181056
0.791111201150946
0.7802372082859602
0.6761251608484227
0.39817071259621284
0.8829839768450353
0.39075598057542615
0.5008774601874809
0.8825835095237151
0.7210127892006633
0.7496417494348143
0.7886989573346639
0.3630402039348676
0.6977206471668274
0.6118311533499033
0.6353229535783347
0.11024364623003613
0.6890606078518743
0.44953469485293795
0.5194846252984865
0.2496807921473183
0.19003334302781294
0.4224754537730575
0.3837369353466633
0.4171336942768138
0.892411362765135
0.6889688973083183
0.4587329447935905
0.40486320604505444
0.5215876939702383
0.8264077396328916
0.3135263206049739
0.43904221628338536
0.6711078643625916
0.6911353171476091
0.6497409449318455
0.7734959805227665
0.5178658372462842
0.2841185529990007
0.695945024309813
0.37276991970109097
0.41994117863468083
0.5321770868418568
0.4092511336740998
0.6064707165024307
0.2811322471488523
0.6392200107789081
0.9137040190248377
0.9191640115971695
0.7545430033532498
0.9525053351420109
0.7758787152311315
0.8802019002221132
0.897868858468501
0.767482298814937
0.8212302131101639
0.5935020253302837
0.897868858468501
0.8361366772715433
0.7599071607222505
0.6917541517778492
0.8683507623105552
0.7849710843691146
0.5316855250820297
0.7253865524028787
0.7186712358340556
0.6749518235492322
0.5186217932756303
0.6935775976450111
0.7973064578753144
0.6803053358828854
0.6253820229317936
0.5739943499063395
0.8049202777612489
0.7676669152768121
0.5995265529100791
0.6597902069746009
0.7207984061388595
0.5711110295784887
0.624409946441191
0.847212380972957
0.5503146243921541
0.6183925716286004
0.5278743127202432
0.5397379050661781
0.5698188884326645
0.55741135336545
0.8239805730358943
0.6227598562742056
0.6557017791651879
0.5888998196368137
0.7505607069866965
0.6743361866893445
0.7868237858515309
0.5136127623668486
0.6383639326097268
0.7096839799861127
0.7126318366897179
0.65549557648199
0.6166729491804783
0.5668338402151135
0.5646948254791767
0.7269771896592809
0.3585520745879982
0.7609009865776427
0.2621741367546685
0.3469080801827973
0.4677860732436938
0.7661629451763085
0.8383815049110924
0.5470476920488679
0.7132413037528841
0.5138293560798957
0.5778082899770854
0.38173113855110175
0.662130170045616
0.2997316188172181
0.294418963685976
0.4407011116198135
0.5166229862301331
0.08261512639274016
0.12817557929982626
0.5746730661445011
0.350490222010039
0.5689734863052232
0.4846362035953712
0.2253600546250354
0.578719858925025
0.5933283702830726
0.27421777607472464
0.6685072399567715
0.2438714423361632
0.16591437607065618
0.6065759494450952
0.17231107590254124
0.5326026536017805
0.5551277135005938
0.5529976243924652
0.45337760211552347
0.6334105097739987
0.33354529366305274
0.5625355655783356
0.05496706427819564
0.32185226878329565
0.6464420351575968
0.2460836447605662
0.19978387915046214
0.6745222914958887
0.5516413304689926
0.8319994567583385
0.8794375621625924
0.7131599107841403
0.7604289905364839
0.7505761580269996
0.7114722570190084
0.43855146175819915
0.939989960313709
0.8221202525471984
0.888533613098057
0.8220671037018178
0.8176873426171778
0.6359377201947519
0.6714754307142472
0.37467799434863447
0.3364438743432825
0.3816193665632417
0.4395600203538568
0.2504897894655569
0.5416678317079655
0.7679753048113445
0.9393734833800723
0.8582019460669337
0.9007052418359702
0.7799810110896521
0.78612986390324
0.4804819782643419
0.8079157590495981
0.6673769077434657
0.7097362032900514
0.6292105192076233
0.5842331524456573
0.6723021343835066
0.2269149338086791
0.3362992450975095
0.8641273982325585
0.766523902952413
0.5607482430431415
0.8261055162282157
0.2399263378942369
0.6424855385530661
0.3822760733445214
0.36963699128975447
0.5466168591465782
0.4291582246653205
0.17700667309738605
0.4170720882975236
0.32566853050130473
0.4063484113530629
0.44655035342563587
