0.7420467436942649
0.9231217544909955
0.8307930292336574
0.8457818815015828
0.8403741590324413
0.6612009034002455
0.8108471333477094
0.7714464285428527
0.7566609336584088
0.9737784442897707
0.8537388333781751
0.854720862415894
0.760113343241287
0.9780634430754284
0.5629069486654853
0.8250295230513243
0.7183742201069144
0.8621955138981684
0.9783326894808034
0.8827629000662033
0.7781041283053546
0.7058215626156582
0.9057766818871319
0.7264005658977845
0.9241672091462997
0.8362072168086264
0.7968252078372875
0.8106084162840954
0.6640236710392007
0.7379218268095197
0.6988478951433924
0.6082519002400515
0.9027022896160526
0.8738554079271861
0.8506729045254701
0.8568349665883276
0.9217777819938954
0.9243715991160895
0.9577030851148468
0.833961082959466
0.8048129127543993
0.8845968924383673
0.9696137177145874
0.9675831994124239
0.7217180532107974
0.5561503256099695
0.8475915950018617
0.7581560173309774
0.7141563988368987
0.7784744141424903
0.8481265550407441
0.765252121826413
0.8000944669258614
0.7382633427083712
0.8105862246662187
0.7655394960134208
0.8392480537206712
0.7965478924084122
0.9259947733516317
0.7997876358064682
0.7701860175895777
0.8946931483742163
0.8049792418364657
0.8162817400232412
0.7448433112571868
0.8847840620717932
0.8702682361993573
0.9271075804729577
0.8722496095184576
0.8029296805791158
0.7122984265174027
0.7358841242955679
0.8766019613880818
0.6842008920007868
0.775187182425132
0.8639388172874183
0.95341079996922
0.903395747532036
0.6500355705401839
0.6440555730354867
0.6639008854223999
0.8166761338754005
0.8457351500540341
0.8487070087433348
0.8266500055845782
0.7799828219022106
0.8939779494309228
0.7866770825049698
0.706596661608486
0.9669712817052982
0.817938964149656
0.84692352284605
1.0
0.8079377739672007
0.8951978273107759
0.8704722492820014
0.8752727005729162
0.3605088981311375
0.839763627829716
0.8034630527157379
0.647976880606977
0.8144181205291084
0.9002317210050005
0.8521974580957995
0.8274006466619049
0.8864943699570729
0.9047458510583658
0.7908458075978047
0.7391910749519497
0.6854540622485218
0.8109960405302363
0.8050846945450846
0.7932741588330388
0.597797213464316
0.8111450180074321
0.7435609197253814
0.8518095588559172
0.7124535312153527
0.8270972498047163
0.7983862494351996
0.8211979947251895
0.9277258148289245
0.8347878555881268
0.8276309318381075
0.7684526555564625
0.8074054261431397
0.894679861566733
0.9287099836710936
0.8024744220287056
0.911598871281845
0.8726725341877253
0.922589033720889
0.8168153229883227
0.8933322358170521
0.7616602108620615
0.7871218005468208
0.6088089107547064
0.7985503640472116
0.8086633759779058
0.9696137177145874
0.6667095176455827
0.7892208309485461
0.8536833045829989
0.7334949254577162
0.7086231077990031
0.9442886781263308
1.0
0.9230319934272608
0.8652188784718703
0.89290102329309
0.8335433554959671
0.874813397988562
0.7704499106177587
0.6544026256030316
0.7546550109838684
0.889019101070607
0.7543995724189303
0.8837713861132434
0.8839240283055451
0.7709762422295772
1.0
0.6448468726693144
0.6748363874853641
0.6850560058556971
0.7056829704495706
0.6935632187572388
0.651554462583905
0.7768772941523551
0.8112310150600185
0.7541625982158942
0.5812408044995058
0.8423378509446632
0.7917422932779994
0.7499902359436569
0.8515882533116547
0.7860593104134892
0.9233049781520074
0.7239790275765154
0.8393691407436594
0.7818028134423456
0.8396336287128214
0.819397672596289
0.6795151678532872
0.761168261603524
0.7700261881052602
0.7759787885551523
0.7247882266112897
0.7567731882532165
0.8452197403956958
0.942657884816947
1.0
0.6723681167110775
0.8837834306035269
0.8588876786172205
0.9470958586102498
0.8365897186888211
0.8715373243477477
0.9635865965283203
0.6518648353556225
0.7027898935734022
0.8365009776761373
0.8089736872132911
0.8727902936665705
0.7443639932369028
0.8683553375502217
0.7043909739381673
0.9470943107476489
0.5306053898101704
0.8077999709085927
