0.33650179134041225
0.7570163197446617
0.2903457089249748
0.5323348523429358
0.5228349384427394
0.4025128114940828
0.5338966935917819
0.6366113880100022
0.7042641214721974
0.23134919197626613
0.48226231532359753
0.5356915826962654
0.6197082308994916
0.630872886894842
0.5014258880354809
0.8020716722660073
0.3798257976602295
0.44520597831922315
0.25927063850306786
0.7232698671007922
0.3180234251326388
0.786215358750233
0.6517930530977463
0.4527942357231489
0.6768840301202153
0.36406699168680823
0.5806817990949092
0.5519637100214602
0.5568350629723053
0.49104530275959835
0.727904762298514
0.7355995095554592
0.6406815250637642
0.45893521079812905
0.5677503384834539
0.7290629823418415
0.6173292444456087
0.520346684915393
0.5332767094490063
0.6978945646406277
0.5123222144750686
0.5680854033555983
0.47798973175277293
0.24964971975168693
0.5989602835427248
0.7990221469708557
0.8538128586497314
0.8124413608684012
0.6195584179109781
0.6087707840124432
0.4480144549283921
0.5855017255543971
0.4517787212128206
0.3534301996631013
0.766282865640936
0.67893031622257
0.7413752673717908
0.8693086258527539
0.669921355598766
0.7238983646279822
0.6604524231003646
0.6877825782977434
0.6788732177112442
0.5481602494862232
0.5629904462430282
0.46217381456103546
0.46940377728084415
0.5416127693181363
0.5767350595266642
0.6970903117089798
0.45469029551767415
0.0977618703591423
0.5831681855167391
0.4957029828164782
0.6380887665238449
0.6810930360561344
-0.011919274352752973
0.7832263339090662
0.5521329769813006
0.5735815261536267
0.8047106879029633
0.5710090717311224
0.5044836296453069
0.5471201420147426
0.7610968968253873
0.5220362851788282
0.5738158890154976
0.3856240351375403
0.4449914617568729
0.6706620435226793
0.5389954077873867
0.4359366155595842
0.5289572996982116
0.7686952031173461
0.43977876000172245
0.6463943257605684
0.6148241239167768
0.577020198276083
0.7788965533775241
0.7253721105922164
0.2458566290470916
0.7418748682328277
0.48070142980957664
0.7993740986129212
0.2682591300991439
0.7391201662305065
0.7682551522394655
0.5889223154841754
0.7599335494610916
0.7805501912504463
0.3066215218342774
0.06937323130017337
0.5366229722276684
0.7434666763300645
0.6589315733623272
0.6567716822414037
0.4775842643492121
0.542963459103204
0.6066898221138356
0.7497961918332743
0.6560650100111509
0.6696285685359067
0.53047566680784
0.6524987510407421
0.20437487264173448
0.6443367260654321
0.7400137226533051
0.4539105408505011
0.6418933871250738
0.20975887199510201
0.7241394991266206
0.6156255687795534
0.4780283216813215
0.5437792267268572
0.4397937264805034
0.5119036550056556
0.6992710456635948
0.7076925469992174
0.6138463943643555
0.6030308830287325
0.7356348301719688
0.6933496083491045
0.4377710216435915
0.5600482992609117
0.7847640988245121
0.7218006899466459
0.4723654308403453
0.3055956099457203
0.5253297578191523
0.585556022487006
0.2637182725215702
0.502824291524511
0.23492762226613406
0.25569691406847317
0.2025832157581372
0.3052818260187258
0.5409053886817167
0.295824489222009
0.7242352489702037
0.13398374486582698
-0.032426466932022224
0.5442726664128692
0.11573946391137224
0.3807126593597774
0.6244890479244097
0.5957341747562888
0.6066002628328057
0.7208527608079894
0.44140314027727134
0.4590857642591458
0.45615123914441247
0.5206535423917399
0.7722201360580289
0.7110085389552168
0.5116453602272505
0.8533360002472593
0.42471781395203534
0.5427298887003832
0.6316708097741428
0.18132876088941985
0.16062338352968109
0.31006687821014767
0.3219230882120321
0.6335611573780329
0.5246364909727631
0.6354789715234636
0.7295965778685154
0.5247553352730955
0.6271764415217996
