0.8023215859881638
0.9367175091137061
0.38112623305242876
0.8907138489279381
0.5707071725903273
0.7125183272702531
0.7462638316437469
0.7348851300782765
0.873994004761238
0.9376954025187637
0.9552902960232648
0.7869231793197602
0.8231806066047088
0.3890667278236899
0.9179520834775875
0.8774399240051246
0.6285032472364926
0.45162452013681564
0.9645733144646285
0.690495389078296
0.9362252845440754
1.0
0.9471125719886478
0.8614954145798611
0.3580570935800661
0.6937301328611218
0.9341298170694116
1.0
0.18988728574865477
0.4507860329975948
0.970078429679457
0.1119287666958999
0.8200910237293073
0.9156169756488508
0.9445908982955459
0.5593023244013731
0.1816160602886332
0.6560440281066809
0.6474069059505396
0.6474069059505396
0.8439728372182576
0.6114111202377146
0.8628328763745632
0.8838417656185639
0.5994049628417605
0.8407877557930544
0.8337777530303295
0.5289753634848309
0.8134714606746343
0.6839361948316118
0.5455537743711169
0.8626244936904319
0.7917381615707679
0.826652021006268
0.8821664450011668
0.7612736208782215
0.7854989839745997
0.8321644903239377
0.8010140790226219
0.7381857686424788
0.09368828277264907
0.883232372518992
0.7512040167055875
0.8800400694293209
0.6918625701084866
0.7209108161430939
0.7686710353029005
0.6709897482422652
0.7162577944110557
0.5860703052189417
0.5001583459096056
0.28812518078005644
0.7718989419769142
0.7576302761305267
0.5585929009414342
0.6837032364835633
0.3955805859103738
0.5700383001373238
0.7409771985401448
0.6365681201746275
0.4505893872138609
0.6983973429602826
0.8411797037158457
0.6912532899507982
0.8441086014161062
0.34057691372300936
0.4495188369857779
0.5591297504207697
0.1937146775347225
0.6306809148605628
0.6459793229237942
0.45440508993431095
0.43915968806398586
0.8486462583431585
0.6592549999362856
0.883232372518992
0.6241343492911461
0.7701734598612715
0.5296384541888406
0.8446786672828426
0.6971962642861883
0.6399322167041414
0.5840361685937442
0.777303559588389
0.7978200713551848
0.5369033291707204
0.8523617557654936
0.758037923017668
0.5751109568075959
0.7379575185439328
0.5180309626733597
0.41818354658906154
0.5676371868993929
0.22434957723459426
0.782086097030156
0.63012784559866
0.2694370222593725
0.7232886381241866
0.36389423983621805
0.484824582855339
0.32111493941727964
0.5718091774382251
0.5339704810657505
0.6228224225644781
0.27344899060699057
0.6013598304380425
0.41653088209129163
0.7067731285892742
0.5923199264662716
0.5378427284729765
0.683749936229566
0.46468665925521946
0.4820977340996271
0.4991629131266555
0.6288619387166982
0.43756817320661034
0.31786092827026236
0.7364936454332944
0.6686767150226727
0.679327378692675
0.49619777551378585
0.6128178378800814
0.0792098379995877
0.4477302957314828
0.6985568009790994
0.4919014195287932
0.5711118476050155
0.5256821498556654
0.6534796644874958
0.410199154309971
0.7144836655611553
0.7932405851071187
0.5883414582856346
0.7200380521796945
0.471168778861058
0.6296867921590018
0.19440316951646297
0.34312475366334505
0.3904491378418824
0.8214021718599958
0.31141781836758264
0.47641672979784966
0.460327283702177
0.47962692770577586
0.7088111091236204
0.5456928477937389
0.4198485155954309
0.6139440585796696
0.9199319203691728
0.025284020169195176
0.6485466079048904
0.5440051554560905
0.6968033253638006
0.6039610625009754
0.7457876764672856
0.4168451292398403
0.46132974357325107
0.663682996547646
0.5959924740260344
0.6971446382025729
0.8264203288100787
0.6874866243201353
0.43899523170138344
0.7894819742983655
0.5239622075963069
0.41383234297698435
0.651977396985306
0.17337800255542968
0.5220642649198555
0.5827647417253683
0.5531789353729294
0.638627862610808
0.7201011181313982
0.46469856946320487
0.5862214509750018
0.07055754279933257
0.6073784986504412
0.5712856562706109
-0.025264618876667422
0.10383645002443675
0.5933371659129417
0.3049277167098461
0.4076478691682688
0.7639089390293367
0.5304456027728846
0.4804743839464132
0.1769453022255263
0.8589160727887575
0.8489399043355224
0.5782044003496385
0.7107567976994578
0.6814333644138876
0.6003308037466824
0.764308570174939
0.7821904186786113
0.7748768311999965
0.5579749255940348
0.6700335684877353
0.7272859816205168
-0.01766352813537342
0.5565721066941157
0.8124121882731292
0.7406126703494869
0.31836309506068394
0.16002228172079946
0.6836167365496496
0.6237376082846133
0.588063948670385
0.6804220398312353
0.6958966569214194
0.8202547259123868
0.22241693599337242
0.6409396708088171
0.4868749284190079
0.46119466090769345
0.8039233770905284
0.7007588839199406
0.6838018651310729
0.5626817487164537
0.9189165116176792
0.5380080838318508
0.6426362883007268
0.7910063960119359
0.46611124142204696
0.23983748742901412
0.5617922285318114
0.7390057474859154
0.3237582811030475
0.45947114908688635
0.41459080614408217
0.6357110900677968
0.7343130765090752
0.7696219317576719
0.5980964168475843
0.06461146619094815
0
0.6891018419166052
0.32861741542701917
0.44047551594386225
0.35675898592287836
0.41267916557419015
0.6571098281078721
0.4678414203576706
0.5930696381253149
0.5715383430164693
0.27266302310311663
0.6763734581126555
0.5812791262147035
0.7738983065805275
0.4551549346630053
0.057483873822287146
0.36855112046691496
0.7972785444233527
0.7082196105889565
0.7615383998630806
0.5334528400661469
0.26767778226808225
0.47397505483517266
0.4135243566486917
0.46357632858307685
0.4295080698400894
0.57675914670355
0.8659770890705755
0.7581628691934916
0.5740736303944236
0.43933622352119306
0.7796106776484749
0.4487333743802828
0.65019241272811
0.5366569107298171
0.7371502999998487
0.8112829939178738
0.7803629431201552
0.3099266714699962
0.4813285376555754
0.2728871942913743
0.5919140163573116
0.42440206856632723
0.4977489444484301
0.6971446382025729
0.810517387876435
0.2500352462225117
0.686994659550161
0.6994712916818387
0.8983170696427326
0.5912108877831997
0.8008631791698463
0.65019241272811
0.4969693071415089
0.35705689461842693
0.7932043109734291
0.6949545657265926
0.323274174902355
0.5920220709386581
0.795159012973751
0.6978671974829033
0.7428786617558636
0.6176100150085241
0.42073514944205403
0.05012283284518093
0.4057104388543702
0.5145319481923347
0.6661279866254629
0.8352050170836117
0.5961154769586419
0.6851551768635524
0.8245771124765173
0.7161853102629361
0.6419750889077601
0.3427747466466814
0.22682261652607005
0.5744306671940298
0.7309637803187451
0.6995962593722402
-0.08509044267956622
0.4274846355177422
0.6230188832623154
0.47431658122674225
0.618410308117964
0.6609947883205294
0.20771460606064496
0.2817087750810241
0.06921837341149484
0.28287801548984715
0.5507408443868848
0.8789621597971127
0.7950631812814118
0.5029176032548147
0.29074900852935803
0.32873687478719193
0.34362202885608384
-0.01507431202836651
0.49317182811133486
0.766781308206401
0.744305936711646
0.7170052935073784
0.6010746498649645
0.7845497915783755
0.6900854383634272
0.7258139279637517
0.5650744069210745
0.8529679056324019
0.589442346163281
0.568623626463922
0.424760359651692
0.8432876567870956
0.6473399219017778
0.6335149040213843
0.423474367982586
0.46768744563372655
0.42427685714030416
0.49229559683087665
0.5709375004432171
0.43682016935336954
0.8100687051207331
