0.6332481319635362
0.6102821581544555
0.6672476064978655
0.6911121165983062
0.9714632561156423
0.43540331110197106
0.5418128771174101
0.9420028468179446
0.8023007559956359
0.5773088149722828
0.7955821729724133
0.6930941803071917
0.7210556243960303
0.9596481251480855
0.8656653105813488
0.6239529360699557
0.7040401470991122
0.9052665337238937
0.6915870128297379
0.9713512665166576
0.5976093570686278
0.8598666886318945
0.7898439881175201
0.9359828940878725
0.7941622598548534
0.6231859409913076
0.359207792308438
0.6404625787213971
0.6889026542728052
0.8950466355796501
0.7641414979169132
0.8105032371114999
0.7101127352123824
0.7252424398570426
0.793597601625193
0.7956104780967614
0.4129923862076774
0.7414068202977212
0.73399733020274
0.8023404335175196
0.38570688926927466
0.3375282722434083
0.7187095576983276
0.8768600458539029
0.9287616000405164
0.8087600541542245
0.7127381691988812
0.8836680547141793
0.7965058468161251
0.8848753615356888
0.10304357820221444
0.6475917579532936
0.9080246608478786
0.8889522978517775
0.9317019967070922
0.6574603060702532
0.8612723103234873
0.6617084522816041
0.7878667503443592
0.9248473850227592
0.5803204584919461
0.7164317227874769
0.8473855794120597
0.8741952893465753
0.8538032738451369
0.7913165145761265
0.9060516816295303
0.824986399642693
0.8583949837367348
0.9267589383045283
0.40887320053494447
0.817063214300723
0.8179367638331075
0.7250266627011287
0.9571401775420748
0.32982053641391285
0.7939931568181443
0.7462992145188847
0.9232538746021903
0.8289283784268932
0.26490146292587324
0.5813682351090945
0.8537707313384362
0.6916847569208202
0.8910015856150486
0.3939314887409293
0.7095594093344417
0.6968470914948584
0.9226203270632939
0.8383146973895982
0.3681976493110315
0.6778253495938432
0.5079083198562933
0.510380780944237
0.9255926247964448
0.39617895489236954
0.14330455009572707
0.7092061602428096
0.8717959765229002
0.8374775689606566
0.23643308430465293
0.8102002324679087
0.8786037368006966
0.6340854457212379
0.9211890807823139
0.24438642999129256
0.7310567131864896
0.819841073472035
0.7266611987792232
0.8475435838967811
0.437383693731084
0.8958292539309106
0.9073021062811822
0.6429998698705953
0.828915036491536
0.7753495850497857
0.5670616872079207
0.7822591612292507
0.7827480340482947
0.8988877955810048
0.9024314580709103
0.6280497414550225
0.8579163592975617
0.8940397756985098
0.9682229649548675
0.4554205858864675
0.6851398901483124
0.6890958174796377
0.498158934209211
0.7830478523520861
0.48779910968452067
0.5769739304836193
0.6801732700381937
0.8449173762109738
0.44872060650290935
0.21180521763719595
0.6950415094808265
0.6477885661749994
0.8413898001858761
0.745247521930468
0.4454586448160812
0.46278380363671134
0.77937337115055
0.8602040142357175
0.8444999632559472
0.6194282165014159
0.6765606310206703
0.49498614877900593
0.9205259116933436
0.7107173755180299
0.5375609931012317
0.7641871438130841
0.9030650447496107
0.934593167099511
0.9541576086564976
0.3954225751864935
0.5472606588827145
0.8640225403873222
0.9735423646502283
0.8016738125382415
0.6450858259994571
0.8881397666178001
0.7322987100171183
0.8472118710587381
1.0
0.21770685139261814
0.7074904493045645
0.8518737833602037
0.8214407080453452
0.9183635300881237
0.674623853996659
0.6326717826738836
0.8450840862427718
0.7865358441783589
0.9328091822722202
0.6640086355374687
0.6457304694627959
0.40681876544447115
0.8997698813855188
0.9210573278096492
0.6683549741404614
0.5872518508864925
0.6954496781991718
0.793537304675541
0.8722273240381194
0.5363797135112516
0.6463711831500426
0.8495332510484511
0.8270463438105811
0.9612632032838967
0.5030312302213348
0.7214215706534334
0.8353077775355917
0.8872701171095789
0.8283696566018397
0.7740335972026162
0.23570418377997548
0.6199105672981923
0.8561465335805585
0.7818275583812563
0.7778346436606696
0.7393836026127787
0.6384873451705174
0.8800704301510225
0.9659007607061055
0.7674428066336063
0.6076077575366947
0.7143631274874616
0.8947600354460822
0.9662200515319733
0.5760289636631793
0.7662920192418173
0.7356382730949327
0.8623143739602364
0.9027397865784295
0.22854359638374055
0.6129166107683388
0.714568314318476
0.825777134260064
0.6045783271925926
0.6475898307530962
0.7483187447144524
0.7470109235934324
0.903215539473422
0.9673111929218796
0.4267074328502487
0.552727149284771
0.8012235630831854
0.7058482138981258
0.9271556100145978
0.56474024330268
0.6159988196554086
0.7579377337689808
0.6645080343403231
0.8592952456491859
0.5830360276230294
0.5008834913700428
0.831654005486319
0.9350348172895324
0.8725221939474039
0.5552875080041775
0.7037275652295563
0.8885771506457005
0.8260687058442976
0.8751213260379531
0.5521974399336822
0.70451187321042
0.7662107864073833
0.5676240772751742
0.8783922559547764
0.7441551258415929
0.7757692151975455
0.9245371737420485
0.8298744471497399
0.4882598983777431
0.6765938013003857
0.8434487538030433
0.6202124328301967
0.881788104089431
0.8766335506820424
0.593889726272804
0.5061512850925551
0.7599660916650413
0.7531976947196372
0.8748244737710669
0.6473736409285519
0.6978800863024771
0.7891021627876317
0.9201138683130032
0.9196641906202886
0.49033821129217703
0.8612682106708657
0.3574686897069419
0.9203583249460779
0.9193612917340924
0.5808060523311647
0.30695788373341126
0.7892226011773451
0.8762056162913606
0.9543359436697848
0.5958293161364979
0.7915352079886974
0.8903955414323274
0.6684586343836892
0.8424194194845169
0.7962806045641959
0.8124655445946637
0.9287933527324873
0.9786175933768729
0.9344006984242513
0.38715183057917213
0.45550289708296043
0.7342359175185452
0.8022405355938971
0.8490257088974366
0.714687309622093
0.7720083838133033
0.8270318375817224
0.8034235273659392
1.0
0.4860121263786048
0.4572874246405021
0.7073019810042517
0.9132900139540407
0.9350458345184203
0.772786266166309
0.5572525523322964
0.8448341647651837
0.8582933109199079
0.8589998329381829
0.3698684135619493
0.7474672070443588
0.9002355635970821
0.868936166898792
0.8404118187247407
0.100284387481264
0.5540473392098507
0.7010065778742437
0.8756182150515709
0.7868110299823495
0.4767170429435983
0.6671479191930789
0.8210115962908923
0.9672662199340504
0.9633060968149868
0.7180307416173242
0.6413085963265842
0.9077638193096768
0.8708171474074105
0.9510634324369065
0.6644955800773684
0.8041836935304082
0.6659254357490499
0.5826411997429444
0.959903549780846
0.5676515037764954
0.6760235713297039
0.7776879909502759
0.7567828818486215
0.8825182497911146
0.475738177398656
0.7771735050529386
0.7915742344039178
0.8746736960431608
0.9346802043947042
0.5422499624554579
0.5645745273436396
0.9138132956556744
0.8271926581755713
1.0
0.7491779662069904
0.7113286996865597
0.695043486753159
0.6722815630198387
0.7528466824223478
0.7352010953248892
0.6928594151855306
0.9162042600362301
0.6327681724536135
0.4485573353445429
0.8284961386778493
0.8589413464936914
0.5457245796707844
0.7107213625912912
0.8394092709298554
0.9226183762894727
0.6648439265968777
0.6336260412363341
0.7835009516791841
0.934005071947255
0.7382475636891025
0.6192228808788124
0.6650053710154953
0.7252019004341452
0.5564214900410092
0.6649319795244747
0.7998674030513062
0.9124842422580043
0.4832680388226679
0.8265368213692179
0.9350113029207209
0.962506817020024
0.4429590495887876
0.5669825598266848
0.8931401948604859
0.7335527842700924
0.5745962764994268
0.6715059647222761
0.756391284294146
0.9645865964332093
0.48655557903170843
0.805765152611606
0.7580516421936674
0.9007758033669848
0.7350526654918494
0.3588807238500672
0.7590186528458958
0.9000122270810672
0.6578026910200653
0.702728519247794
0.4874841419524949
0.944128042901827
0.6198351407442947
0.4136214234078739
0.7622002342359614
0.7245049029268225
0.6653797535292424
0.8286769086161244
0.736980708999812
0.944889758519523
0.8059021028723171
0.7105835321314738
0.8006089645777995
0.6045783271925926
0.7162684735368501
0.6964954786033292
0.7306737608475291
0.9448846553565756
0.818444876117458
0.6983659890996732
0.7640583812180591
0.9007758033669848
0.41909175210386795
0.6488852801380494
0.6118040210066851
0.9193612917340924
0.6756226117886741
0.448871658656264
0.7749362800778408
0.8437214407597138
0.4876107266660452
0.5104777433013525
0.8138370973418908
0.44872060650290935
0.754330839648655
0.9185358912480649
0.6721523971680986
0.7335527842700924
0.8936499743355746
0.37379854641708543
0.6899729084190716
0.9226183762894727
0.1536821595779726
0.8864667531723616
0.6491667735136318
0.9464706268934638
0.3573956039868902
0.6342428255881398
0.9459075324096603
0.7930424633458242
0.7396147163663973
0.7956241757363612
0.6390238991003823
0.6571083476423212
0.35013650378717576
0.5677228239505749
0.6820618565063077
0.8388556851970548
0.688856572076598
0.8306610968578839
0.8757892534747941
1.0
0.7106152688753729
0.6160993649688851
0.5643471567668453
0.9130834650615478
0.7556455429493117
0.6984720433419106
0.45620758876404843
1.0
0.3642985438890798
0.6602695622323783
0.7092258649961118
0.9459075324096603
0.3828720175690845
0.6638686580106512
0.7991527498527101
0.44872060650290935
0.6078026958986072
0.6788986047004795
0.9201103038550218
1.0
0.04505845894371474
0.663368707311082
0.7471606161933183
0.9413785745853175
0.5929710969907538
0.351261408228437
0.7743948248208316
0.9531409867798449
0.4450785615645011
0.753951632269181
0.8931401948604859
0.9226183762894727
0.5174755618074547
0.6447081421647834
0.8083679165312879
0.6571083476423212
0.567932905555631
0.7805264085460972
0.8997698813855188
0.7637027921867258
0.3232332167509411
0.6858334254317457
0.8987951424316836
0.841520200154653
0.39279295341999754
0.7967577531957697
0.8185455976938614
0.8836106984048594
0.3927469725189068
0.8029074738130547
0.7989001632507516
0.9226183762894727
0.6008413928017429
0.5450570265890357
0.6892042522266185
0.9448046797554844
0.7261742042873914
0.6286657970199842
0.4548114290994896
0.934005071947255
0.7373671201685411
0.6893972692352742
0.8873081619636967
0.9889204026625299
0.5473471372058356
0.5868553885863428
0.7322913881368315
0.7879484514346798
0.6280758135654422
0.6396866397123467
0.7731792412896888
0.9334872532002924
0.8059630861536432
0.7379440299173485
0.9191845820449623
0.9383060821968913
0.418680865319222
0.6012864812931028
0.8088934031258175
0.8248424684688852
0.6370401188555628
0.6579782229801725
0.8046337316588447
0.7506407695316722
0.42255420732427396
0.7156793959770209
0.8549235350501896
0.9299271656197642
0.3001565404326709
0.10775058721422826
0.721901704826062
0.9602929291171708
0.24976201022405253
0.5693174581407617
0.9386350252329776
0.9448846553565756
0.338959954604628
0.5315165969162117
0.9105321806549042
0.8409683675923754
0.6357598757309001
0.6527206785771077
0.7661038711833066
0.8388556851970548
0.7128100096851341
0.8484672649487811
0.7304076703580136
0.9573015858804548
0.5909276832176112
0.6483663105501885
0.7761950784050669
0.8532204823182064
0.6599281461024536
0.7715096044764539
0.9162042600362301
0.7830478523520861
0.5654349608600918
0.8369622649935805
0.6277422252912476
0.8093680581945215
0.433792087379407
0.7801156606738759
0.8098302483599185
0.7335527842700924
0.5457470671253977
0.5001255974484705
0.867749425941718
0.7335527842700924
0.7868366492006874
0.9243913463582133
0.870240628062893
1.0
0.6009288816927906
0.7501494830538514
0.6505325711448224
0.9508473807290937
0.7284589846398668
0.29103265794859956
0.6992840241654523
1.0
0.7949444056113677
0.8659700016930502
0.7098391813008295
0.8711601597272742
0.48004598610533133
0.7982601918288383
0.8674283505062004
0.9826089185660115
0.6565406702180786
0.20847050690527336
0.6387039965319818
0.825756943079199
0.5331425312376062
0.5469585221434026
0.9386350252329776
0.6571083476423212
0.531968817658546
0.770289760142229
0.8406096966108062
0.7546002337789184
0.5916119812180467
0.8770776162141264
0.6657798584306036
1.0
0.49674522027878854
0.204877830419537
0.753487940817694
0.8707452962625178
0.41467859202320034
0.7807669593714203
0.7541329198858491
0.9571089781663074
0.4868297365235863
0.45977269277389454
0.8651022601340969
0.8135632565808241
0.6980300890555957
0.7445602075053579
0.6191984312757486
0.7830478523520861
0.5429019496864653
0.7818805877822348
0.7630181502529271
0.841520200154653
0.6590878567819469
0.6801779721779976
0.7271692219783265
0.9473268419341854
0.7134540451226871
0.7400879187022578
0.7471220221225435
0.9226183762894727
0.5797375728100018
0.6558319445604252
0.662217530426191
0.9459075324096603
0.7133356281304949
0.830813319813367
0.624545480422943
1.0
0.6205321598510867
0.6369424166085946
0.8249529965711142
0.44872060650290935
0.587730873580252
0.6571850495467331
0.6873994105902894
0.8418638922815413
0.5694812213859809
0.7862916864692362
0.6555072478724742
0.8734963856522763
0.34550572952173175
0.5619827997811948
0.691153080864591
0.8524521382857463
0.6523959131474261
0.6121036447978673
0.7340958954568421
0.9226183762894727
0.7125377526550494
0.6767574788226982
0.6394185633232403
0.9084939462130042
0.6101149361410322
0.7524888181050925
0.9453495044004911
0.8457223564921955
0.6574620246435644
0.6631518417816177
0.689857149207455
0.44872060650290935
0.6915718968890968
0.4818785766637149
0.7969703144102674
0.7879484514346798
0.5404436528719128
0.8665538411364995
0.8418638922815413
0.9193612917340924
0.6091940082845796
0.9226052660460912
0.5789157674861992
1.0
0.7709390592040134
0.6446816520578751
0.8610682952363329
0.9001010284968708
0.6407853185754125
0.8229349937587047
0.6292824603259152
0.878815016413049
0.622727028637921
0.6554183026839764
0.8931401948604859
0.8339892628262903
0.7721305109322733
0.7034208937683202
0.6834737644941581
1.0
0.7329188160328189
0.7063728174274666
0.3239587957892113
0.7335527842700924
0.8420010397593466
0.8080603727564433
0.7688600581993066
0.7074706092379975
0.5917182135039964
0.4840123994932207
0.41098954318889047
0.8977801849462315
0.29353934904216517
0.503406133240386
0.7290540575507963
0.7252019004341452
0.6448502057479134
0.9691024884510583
0.8098302483599185
0.8589413464936914
0.6292898330807379
0.695857451189513
0.7470493109214938
0.878815016413049
0.8075287741671728
0.7324320094102402
0.8083679165312879
0.7335527842700924
