1.0
0.9022863892004986
0.9925322037862091
0.9768254148487545
0.9056753504377382
0.9873297659880841
0.9715588092271192
0.9896563143064011
0.6983967312612087
0.5605324149914497
-0.16108374311526763
0.9497891743910054
0.9645024532812527
0.9579142894229362
0.7627073211498075
0.9959923949856986
0.9030595180182582
0.74410651487226
0.75616016403878
0.9624416003248272
0.8818211919036272
0.819067489980364
0.9910018032278324
0.9891873703498921
0.9897087289603365
0.856515943830746
0.8529001940133061
0.894161633336045
0.9946060329802698
0.8890348718103983
0.98930777979082
0.9450464191896151
0.9916582442802374
0.9571813365825267
1.0
0.9803733612165898
0.5239071067177418
0.9788296820729405
0.4898700570503908
0.9991820312102371
-0.28796299048048524
0.9618613185835921
0.9810719606715801
0.9437586200540217
0
0.8893119511151059
0.8347950555820153
0.9996701657319351
0.749490467799144
0.89761668402558
0.8641579605482913
0.792905315015455
1.0
0.9172800069946448
0.7320225662029962
0.6839788664775974
0.9856929970410785
0.9751498027507326
0.9796780744605473
0.5488978119148006
0.9641330172434865
0.9913550107280483
0.8912491572356694
0.9081179314076947
0.8978029151982795
0.8949050850923737
0.9673702935759199
1.0
0.9448904771946508
0.9749674869772216
0.9627911010904309
0.938117590719442
0.2857312969024153
0.9819526697776916
0.9949534092568704
0.8863170311543923
0.9071941390570739
0.9965645138305969
0.8017036455293285
0.9823161616568016
0.8963998222369961
0.7874510386865872
0.9801845659827374
0.9785420228098182
1.0
0.996098147418274
0.9570887363368709
0.9995751408736966
0.932480717660561
0.8943213817158021
0.8208727867417541
0.986858736362932
0.8021680907789385
0.9751963507897267
0.8795053120301347
0.9378862280589804
0.8796864565831524
0.9516337460472687
0.9790261047876372
0.8798230954504813
0.8230720343984592
0.9230366032560935
0.74410651487226
0.9972077687020473
0.6632595933744572
0.8905763578418207
0.9617313800509928
0.9660381432356633
0.827942692977021
0.8149093315077515
0.22696839295064797
0.7381402739376796
0
0.9972128186027526
0.8879171720435555
0.9226687195489172
0.9121035472563024
0.8837706708924161
0.9071186366772029
0.590585776579886
0.8536221422919712
0.9080873173318282
0.6513516567599239
0.9032062242980033
0.9953330615261715
0.9804385299066798
0.8503903388750359
0.8898309828478698
0.887855072491865
0.8068837898970083
0.9770946195027455
0.9336858419464066
0.9615570244975676
0.9342019983058862
0.9485082135824683
0.3679562453947933
0.9237387969205054
0.9172938829110352
0.9309239107261355
0.9621529722612057
0.8620497162620548
0.8649701845992682
0.6983967312612087
0.7559994743832713
0.882849019336076
0.8306089829512542
0.7777952729505109
0.9153368959393287
0.9455425312394947
0.8440296600082048
0.956016880151448
0.9928190195476068
0.9456742291110863
0.8568293275096335
0.8467618891818915
0.9750632626244563
0.8387998744831897
0.9470005133966234
0.7541079104008597
0.9759425928950514
0.8675446970853251
0.9181811255280912
0.9896895907266553
0.9231945867410499
0.6513347738677263
0.8270478410109191
0.8693506132924873
0.992311562573012
0.8870261342531385
0.5813042994300706
0.9916962082179381
0.8721140323117406
0.5023768763728708
0.9873038513457624
0.8451339610089504
0.8902520572316317
0.9798528482247757
0.7622204103337844
0.8210009251413619
0.9168686468205202
0.8541156918264534
0.5716966408553269
0.9204713006175769
0.3675311813747739
0.9409781301701633
0.8534015583315779
0.9685311262154882
0.9845090756429471
0.8888033240668642
0.7942165475361106
0.9699612876666132
0.8930342690055054
