0.7191812541183843
0.9414620513198688
0.6991127552278623
0.9304737114242633
1.0
0.7869904116449454
0.906091065256792
0.8519671154924412
0.7609656807390274
0.9304737114242633
0.6601159903844973
0.8007430516769426
0.4140800763639081
0.7087554731871474
0.5000398654344805
1.0
0.6742727400057522
0.8171138791393242
0.8301278048253572
0.7880230342598319
0.639725548449918
1.0
0.4901845517825102
1.0
1.0
0.7677174649012365
0.6098206609863064
0.6914201059584862
0.5921786956306161
0.9032655163588296
0.7672180407322821
0.12018713230398015
0.21196693609779982
0.6869935222437029
0.8906223093239276
0.9172961099757948
0.7020535241881481
0.7966678756110183
1.0
1.0
0.7592525068430076
1.0
0.9165037707371884
0.7243442668754175
0.7596721965280289
0.8425273647423501
0.9511450319175903
0.685173675565482
1.0
0.724764784244775
1.0
0.8279933310246823
0.7837157111927577
0.7081887963080356
0.7914851893571092
0.822005099879082
1.0
0.773673765392911
0.9731968407053875
1.0
0.7152867460285959
0.9411422624791047
0.7428226696286159
1.0
0.793865530840509
0.8210947305283471
0.9511450319175903
0.9511450319175903
0.5857368951425848
0.9344290953338009
0.7744383254848529
0.7265750956266709
0.9165037707371884
0.11944338986144298
0.9654376086681866
1.0
0.7885942299261237
1.0
0.855392745148398
0.6521113784707929
0.7428226696286159
0.9301931557508493
0.7071516820789749
1.0
0.7052526850211569
1.0
1.0
0.8301482711671746
0.8509420182331532
1.0
1.0
0.8524386002628266
0.7506480795755732
0.8241129147617172
0.24625381380880995
0.9319413377645877
0.8301482711671746
0.844742182705292
0.9731968407053875
0.75353439135025
0.5199605767146365
0.7549706739636372
1.0
0.6422420641325199
0.8521679893204243
0.8140273256662091
0.5517050438598069
1.0
0.6422420641325199
0.5046307741965373
0.7803427658274401
0.9304737114242633
1.0
0.8076665512666359
0.8148075934613664
1.0
0.7404782908377421
0.9304737114242633
0.7973756964638333
0.8393032650486186
0.9132045318170438
0.9646342227451026
1.0
0.6147002407072301
1.0
0.8241129147617172
0.6670397802029915
0.8693891724704271
0.7071516820789749
0.8301482711671746
0.9624128956211303
0.7001952306543633
0.9281644048770964
0.792993655951662
0.4827203372534118
0.9304737114242633
0.7071516820789749
0.8180095648536598
0.8301278048253572
0.9280153382719957
1.0
0.82803068119759
0.8156842208983892
1.0
0.8280596453451712
0.724764784244775
0.26647714991902083
0.49831236010774815
0.5399287708125574
0.7487098089175219
0.792993655951662
1.0
1.0
1.0
0.8463765187109548
1.0
-0.023578202887724053
0.6561975088402222
0.6398504558836513
1.0
0.0819315234568333
0.25411018163118615
0.6652027088193085
0.8521679893204243
0.7789283461750174
0.7566829874279606
0.8262226991517634
0.7524136733772068
1.0
0.7618890190563877
0.6959713375112041
0.6422420641325199
0.49779915321906354
0.6467716604935195
0.6421632012431914
0.6079330514335554
0.8964548092456638
0.6685585110541217
0.6711817187979155
0.7896070831288251
1.0
0.6422420641325199
0.4811911032881431
0.7581030242153307
0.8905781114576578
0.8110514870224785
0.9304737114242633
0.45866591449269367
0.6126743100777904
0.7483855167100466
0.8338986105365578
1.0
1.0
1.0
0.815741785781846
0.7027430940407461
0.853870725826304
1.0
0.9021426164090343
1.0
0.9731968407053875
1.0
0.757265221634837
1.0
1.0
0.7789283461750174
0.5564408284082805
0.8412595133922648
0.5574287229752075
0.5582624103568684
1.0
0.8076665512666359
0.58056283019194
0.7040900063264052
0.6414526351332408
0.8412595133922648
1.0
0.6677413565892082
0.6320173019784183
0.6634562545489741
0.6663618745153418
0.5749663564153558
0.7507773211983125
0.7953537514483381
1.0
0.8301482711671746
0.784334751245548
0.49400959902789054
0.8301278048253572
0.6973953812134477
1.0
0.7925005074719284
0.7510031017054906
0.7544138399487162
1.0
0.8336775918805913
0.6077741468790525
0.6148133583833335
0.8524455133259086
0.8592845277956764
0.6008523649975847
0.7550173933026618
0.5141220408272592
0.9731968407053875
0.7587995747345888
0.9414620513198688
0.755708080120512
0.8025543337133663
0.9304737114242633
0.6310138933527397
0.7626294501958051
1.0
0.7843971233808904
0.9042224796427869
0.6439788869125952
0.5566929179563056
0.5632019379443678
0.8338986105365578
0.6402192277364736
0.7310673058387487
1.0
0.8412595133922648
0.7071516820789749
0.6402192277364736
0.8301278048253572
0.9009666790363647
0.6744503742828076
0.5835131189619108
0.48842675318297424
0.757265221634837
0.5921786956306161
0.8795408403797969
0.792993655951662
0.6671266300218844
0.7875093094446629
0.5263352950674492
1.0
0.8066943530079556
0.8728796617757926
0.7052526850211569
0.8593388254913724
0.7935978145063187
0.6422420641325199
0.7944746678919813
0.8301482711671746
0.956304860328452
0.8521679893204243
0.6079330514335554
0.17697766823239602
0.7071516820789749
0.6641636533798745
0.855392745148398
0.7928583187599686
0.7027430940407461
0.11759253697470762
0.6969336348093691
0.7606554737810651
0.8776926670969698
0.757265221634837
0.8381825093928612
0.9731968407053875
0.7297342879289307
0.9015068753903644
0.8412595133922648
0.7496386082797843
0.7281956232250335
0.7052526850211569
0.7819712846124274
0.9414620513198688
0.8302812237304428
0.753914107390542
0.823870865678532
0.6422420641325199
0.7001952306543633
0.02655587012975169
0.8096572873668885
0.8197033256001718
1.0
0.5746580765661271
0.9624552140492276
0.7626294501958051
0.8485525000794899
0.5605579195289647
0.6018495002715912
0.9530371401989518
0.7065886993612079
0.9304737114242633
0.9731968407053875
0.8338986105365578
1.0
1.0
0.8240177219203706
0.6503009919618681
0.9304737114242633
0.5117824142691233
0.15522951604424273
0.7260954827579558
0.8509463124752906
0.8234399591868875
0.6715943700471355
0.6148133583833335
0.6422420641325199
1.0
0.8849812497280504
0.9728267414247346
0.7925005074719284
0.8301482711671746
0.6126743100777904
0.9510634213849533
0.9304737114242633
1.0
1.0
0.7052526850211569
0.7027430940407461
0.7171658528349147
0.7486951989494808
0.798945749188881
0.4121204771140696
1.0
0.7281956232250335
1.0
1.0
1.0
0.8470908293846829
1.0
0.9195837973922217
0.8412595133922648
0.12884206124384268
0.8301482711671746
1.0
0.7071516820789749
0.7596721965280289
0.7741024384028748
1.0
0.5770375413786825
0.6505424534661032
1.0
1.0
0.753914107390542
0.26647714991902083
0.6717904121995227
0.7695032366136179
0.7819656167095208
0.5117824142691233
0.8117795405667065
0.7884787392559801
0.7626294501958051
0.6254377115547027
0.801527842483244
0.17697766823239602
0.5980176826262746
0.9581690731317092
0.5298203495120238
1.0
0.8509420182331532
1.0
0.853870725826304
0.6938447528538673
0.5368967198079094
0.9117138645230753
0.7558343881679745
1.0
0.7071516820789749
1.0
0.6829104277348531
0.7626294501958051
0.7362889855658311
1.0
1.0
0.724764784244775
0.8926442885150321
0.8806987447214183
0.801527842483244
0.767399498746696
0
0.6905772563685489
0.3332819636874189
0.8299350910794489
0.3332819636874189
0.8521679893204243
0.7368750183752395
0.810796335588968
0.11061337153732886
0.6422420641325199
0.7689943350635937
-0.02489251721498209
1.0
1.0
0.8521679893204243
0.6920161446718411
0.5816449318678847
0.9775528525687448
0.3908303072745747
1.0
0.8236241240289186
0.7682408629940292
0.8460457474579601
1.0
0.7971134243557624
0.5641816513972462
0.9414620513198688
1.0
0.9304737114242633
0.8193005452341918
0.9304737114242633
0.7700098325696123
0.7052526850211569
1.0
0.8493988792513028
0.8463765187109548
0.6008523649975847
0.580496282321363
0.5871944054244866
0.7232457562824605
0.921070716547498
0.6920022981212473
0.8301482711671746
0.6033972401285459
0.8338986105365578
0.8992692443894538
0.8029494354642762
0.8441939541014165
0.967392467291679
0.9540083802376783
0.9538056705054836
0.9375608986189274
0.8753022760480896
0.9399331083029092
0.9646238068737518
0.875672095518736
0.7906484796892219
0.9126413089484365
0.9814332684811162
0.8967662913094697
0.9247294967867419
0.9130001248951902
0.9237475865524588
0.9499046200781763
0.8313624834237568
0.9378359370976296
0.7005455267776144
0.9196030742765365
0.7790125679313833
0.7386386823224121
0.9124940408927817
0.5332312837458991
0.9234287463863353
0.9191430228737523
0.7979340254865445
0.9730676012351499
0.9184333667629524
0.8804626301637246
0.812853897801594
0.9340828268610423
0.8557897932287944
0.8423605956585493
0.9745522880349194
0.9270247524205794
0.962338489957877
0.9194414209851287
0.9465894087430755
0.9537026039006561
0.9222152978137061
0.871922953170162
0.8181038656944047
1.0
0.8125337410333122
0.8966465394775255
0.8493557499319584
0.8425503883948992
0.9269075882438496
0.8394040150264949
0.9129113445309537
0.6707187413417288
0.8968326054221194
0.8813782207879155
0.7105196662702555
0.8920978202945465
0.9206805892483343
0.9372089658858543
0.9351900639621035
0.8259278786913142
0.9110690610117292
0.9365406113233118
0.9423441583432494
0.9127372620100686
0.8929534205657651
0.7867245643744744
0.9525739415133151
0.9135564620256329
0.9220439262658722
0.9465767432627801
0.8450904232646147
0.9390277208052555
0.962561646647137
0.8707196584456764
0.7072389978569735
0.9202663731697331
0.8950836359021982
0.9018882185182349
0.9199150339470588
0.9615057616692656
0.9298469209906509
0.9538925798209299
0.9583039234650773
0.8967600639625052
0.6771912605748279
0.8717517804199616
0.971818160883927
0.9280795172588441
0.9347534508519686
0.6533344830346315
0.8540209896641463
0.8518924229870645
1.0
0.8965469394797301
0.8941431114147408
0.9083157019442771
0.9425425246144457
0.9503390183446861
0.9039764193543025
0.8918239759922048
0.9161562840087827
0.9833296854445781
1.0
0.7486049782638845
0.9009120111665802
0.9406855753634085
0.8816168492377331
0.815852787635096
0.8720750756369869
0.8220075821560816
0.884431995902585
0.9780521257749712
0.7394125298306977
0.921959235083392
0.6485896531799138
0.8029042297507866
0.7810027471802041
0.38440992771059834
0.7647560765432175
0.832537123248251
0.7911974482327493
0.9705407761089953
0.5920419038040583
0.827085488838161
0.9638881613678922
0.9212248667422703
0.7910826805646799
0.8984590182767849
0.9333379766948181
0.8008074020010595
0.8210827680300675
0.9631119000211212
0.9115561740015088
0.7931051089996592
0.9021541626832524
0.7820737831977512
0.9353866354099709
0.9668351817672428
0.9201299368620799
0.6882850325577273
0.9049376652576234
0.8987814896200992
0.93701164911563
0.8360276509831023
0.9648541926283583
0.9574380086073936
0.9372300795328633
0.9434766638340899
0
0.8551692930048853
0.9817312263106054
0.9741240815384656
0.8795603560306445
0.8504181808548607
0.9083157019442771
0.9162548966125699
0.6286984342285973
0.7951987272863658
0.9100575642388339
0.9793108484653303
0.9640040251602475
0.7928616911074372
0.6628439113909641
0.5711012290555996
0.8807690134368149
0.9035251513941678
0.8724039897409354
0.9048763100931815
0
0.9563970831336206
0.9341816248190132
0.9536316034242083
0.9631953219507825
0.9298614190642045
0.6880597231048122
0.8072959594991717
0.921128581853971
0.9627463259551536
0.9367910698053505
0.9232214060317958
1.0
0.7852802278203705
0.835272846721759
0.8139712201665872
0.8786740451465241
0.8032918124781414
0.7849921908681732
0.7280626444392942
0.8859933525230186
0.869827819439504
0.891033293538495
0.9123560849440382
0.8585002120584517
0.9720727209353331
0.7578949553667021
0.9587268709489959
0.9070907852041253
0.5761688573711073
0.928494555126396
0.6671628739125701
0.7844843668877217
1.0
0.9563474269103062
0.8619944793998842
0.9130376815221332
0.9200062893063546
0.7859473630965401
0.6901841636234632
0.957561512466092
0.8954585194900008
0.8932615796184458
0.9207118927375467
0.9683936343835097
0.9780594837585462
0.774240253115735
0.9108593951305569
0.9395627045210272
0.8120674153987886
0.9351805201157698
0.9372495637752104
0.7666050799615112
0.7156316716169225
0.927177312217549
0.9695746723792968
1.0
0.959213758683606
0.8781551879947272
0.773976955340029
0.9564773946325735
0.8178428295089551
0.9590220005107979
0.8594344685315916
0.7474055669650269
0
0.967942117688266
0.9084019707352695
0.878603476916426
0.9857958021869171
0.8994732610885678
0.93078190238094
0.9351920353797496
0.909898166495227
0.9365854472023948
0.9301071077763339
0.9735466157763383
0.7781350895578876
0.9859756421411001
0.7575577982530299
0.9261004147366313
0.9355442508888074
0.9516667087345979
0.694012751253255
1.0
0.9597138829753045
0.8952067030918398
1.0
0.9729426941071536
0.9241504730911828
0.8778728655641015
0.8651800403617053
0.9330718263764801
0.9340883090561019
0.9479963997527642
0.9546511023347116
0.961632584504559
0.9445828093885695
0.9376149534525637
1.0
0.7122545426331778
0.9318139758837941
0.8133031030343988
0.9052323698890694
0.8882773840586499
0.8442476739257682
0.7253331959289516
0.7380588363579044
0.9060597829292278
0.9320631517181144
0.9145652568334398
0.9136930587060008
1.0
0.9441662594862742
0.9465534712534832
0.9353177786849127
0.9357847083682983
0.966807142514266
0.846440541611224
0.9606071325177025
0.6801323929537058
0.8033607555900278
0.9461357394829686
0.9605489320426548
0
0.9589507773705702
0.9512830576872825
0.9171396751240867
0.9314744071321547
0.8167987606886159
0.7402392213617655
0.8143197007788489
0.9305769337192474
0.9415902502951758
0.9582036128552622
0.8286149101742974
0.9260305552661566
0.8219222975470251
1.0
0.9407163761164767
0.9000173843286192
0.7144948354697431
0.9150813824773303
0.9047723073626168
0.9039426156082758
0.9154015655272413
0.970458142976773
0.8742905627354327
0.7982843502411822
0.9358924604505883
0.5882558815559142
0.9904967474118791
0.7662349266950188
0.8707196584456764
0.9211147782246256
0.8825834936669356
0.8814057465911498
0.8768261403692885
0.9247964564304135
0.7019165770019945
0.8986881669867453
0.8428376986185279
0.9704726387226694
0
0.6260542559196214
0.9298087110898055
0.8411209584146987
0.9495573128691198
0.6012847191463017
0.9148891328043859
0.8421792684746452
0.9608121327769116
0.8611852884977471
0.8635209979317323
0.9241873047794875
0.9132077441437322
0.9192809314228271
0.7216589725805009
0.8868102870794193
0.6215350331806264
0.9359100359619846
0.9312370072774838
0.9047928692524465
0.9365408999201149
0.8896341075764802
0.9685021875688762
0.9857958021869171
0.9417122557550497
0.9660827426796725
0.8070644351722965
0.8688374694448231
0.9260798275671729
0.9199046080285193
0.8380299723015425
0.9070138443417686
0.8341726102023191
0.9726090603437193
0.7613916449246464
0.6732491193608942
0.9162141816681676
0.9640792476972136
0.841973428529599
0.9258878220068454
0.9613721613137921
0.9502916071228784
0.9397340890094431
0.8832276813098614
0.963929404758028
0.9227302341178403
0.9225948574308235
0.9207568391141776
0.9273272912714073
0.8085936164037542
0.7409800311150455
0.9896510344093551
0.901275437845963
0.7888410814778634
0.9332726231615901
0.8640518803684675
0.9622115526871444
0.7973562047570092
0.9200906790389476
0.9387162766380934
0.9694855870128795
0.8985942451107946
0.8213883372808455
0.9327706595353934
0.9287669773683949
0.9401016626228681
0.6756486026867818
0.9099606578938626
0.9052841744902524
0.9227898511469736
0.9218183844985354
0.8273214763437813
0.8200663835824813
0.839474102603066
0.8790677112344222
0.8345160068514594
0.9394195753845196
0.8250340082404156
0.9244900899013199
0.9135537340696429
0.9758871960396635
0.9674122023665144
0.8883358575165407
0.8491813933938634
0.9154421238577496
0.775444624346585
0.5556480050775773
0.9226489104113357
0.9375252343640204
0.9692614646157094
0.8916456621134516
0.9238998865332655
0.8746751046299853
0.9212798601016564
0.8647442358751023
0.8361446332306665
0.7559453248688174
0.9027809088717712
0.8198550366900631
0.8580464601408382
0.9208640528315598
0.9584106082818755
0.9625594891522583
0.9168537106995827
0.942015426499696
0.8002385732209389
0.6493712723027648
0.9450743825283663
0.9585714232792346
0.7251646642734418
0.9247205144679255
0.9209101465426878
0.9453050293742801
0.5956026028003044
0.9605576174483949
0.912510937270832
0.9308976081019251
0.8192629239646605
0.8278788580054737
0.7886010623773668
0.9493090439936298
0.8953576651827362
0.9149332787745289
0.9074586135952266
0.7819556912453296
0.8426483400875697
0.8265542743218957
0.7447019926826551
0.7834490212321952
0.9179608490032027
0.9386407535098337
0.9231920185144442
0.794484474657945
0.9371990854127705
0.9761567255424756
0.8204859739360524
0.9716606340935773
0.6853507314325579
0.902625669401716
0.8740092198147759
0.8273214763437813
0.9685482203729783
0.9140989453607301
0.9334197478135144
0.894154609394046
0.8799428064180211
0.9956431633948774
0.9059769124282655
0.8628769112289824
0.8872297080486257
0.878338502297093
0.6890001202982258
0.9319388854000145
0.9258234540134224
0.6917500726514731
0.9779712647270437
0.977665723479334
0.7792746083797777
0.88919123849225
0.9435135252187207
0.8952618460991107
0.7362679210087165
0.8487050821841966
0.8542145395740433
0.8432740930330104
0.8943567607033416
0.9550809970067473
0.7083977506625477
0.9395920224897067
0.9489537693587095
0.890224613675862
0.9253541244535635
0.7770895456491823
0.9413938351330764
0.9610063540893033
0.8009012503256142
0.97469360718555
0.8897280203438147
0.8589665303851979
0.8996984077155648
0.8313825744363643
0.8616359695898679
0.9435986331822034
0.8605696109353284
0.8634630257889119
0.7401163866435563
0.8996260013037821
0.9514223396597995
0.8592196483150936
0.8861039164688609
0.7415242388934359
0.9070459880774832
0.9179910595672659
0.9542025588025842
0.6371280479464074
0.925370223463593
0.8886410088786474
0.9554680717097083
0.9535538050021314
0.8202211945362791
0.8638275250772092
0.9625866963023355
0.8525070567284352
0.8739890451305089
0.9152469327024543
0.9506639860876255
0
0.6944478164767214
0.9300739221588037
0.8348372813981703
0.8253133565844138
0.8893096613479239
0.987572525745189
0.9002940935217224
0.8603815369289183
0.8562044476324864
0.8761412700878722
0.9166181482497965
0.9659038514924876
0.9247468443054779
0.9341389818873069
0.970790777552744
0.9423938076986766
0.9441509392206312
0.9093818058049172
0.82772205190531
0.9325261045178943
0.838539698914394
0.9346264803376476
0.9569679071333077
0.888574590308142
0.7832261331912277
0.6738671138620567
0.8115034109772337
0.7986611544780723
0.8950836359021982
0.904146895383316
0.9436088865360205
0.8773962888015063
0.9397662448487709
0.9447247449181567
0.7200427692507145
0.8501468461493092
0.8928099004290477
0.8072098036092173
0.9981562763557529
0.9330582892539463
0.9085659409909664
0.8483386574536395
0.8914133309934612
0.8178995050345924
0.9501836125882615
0.9461357394829686
0.8755697881602655
0.8372007697710339
0.8319401740301531
0.9150977969260725
0.9405265298667315
0.9337877158788801
0.9279637962071006
0.8655988894055499
0.9421727864848618
0.8813227072669008
0.9812727933058184
0.9172533706560927
0.8272529206993643
0.7691874594457196
0.9083157019442771
0.9272913963815159
0.660183662708383
0.9552033389780699
0.7828037204914411
0.877843430719474
0.9384255714600128
0.8851999188709562
0.8776882139026021
0.8985679119238426
0.715227661946235
0.8831942499469129
0.396167554585902
0.9169013490515107
0.9301071077763339
0.8394040150264949
0.9347534508519686
0.7752849909758281
0.8194718405097985
0.6676353021635941
0.9246865943765026
0.9243205066419072
0.921130670957824
0.38696770779014455
0.9296113350290346
0.9370494895275897
0.9588342198089839
0.8954460199406991
0.9057015249781092
0.9750660262140826
0.8992667496079884
0.880963441864016
0.6732968071294346
0.9327677538361118
0.9659568310712718
0.9129908520998615
0.7366659392570367
0.8266548890710125
0.9599335612340496
0.9102819435701884
0.8904126469095524
0.8538223166427901
0.9395627045210272
0.9535693798185644
0.9594085067478361
0.7861003656518009
0.7349892910149708
0.9740537083662801
0.9616848888963617
0.8069240890761161
0.9367925553273052
0.9084019707352695
0.9528054246925846
0.8830567731143234
0.9510803565171135
0.8115374718264775
0.9102913552139996
0.905183161603413
0.9954225192512227
0.9560498496798131
0.829676485084984
0.9416141388071283
0.9596323138909075
0.8272638241849823
0.9236753554575083
0.693399348419825
0.9653088458800572
0.8702249206814093
0.9344326010176409
0.8400229846567104
0.6386214403844676
0.8805683835393819
0.9180695885255904
0.8460812543841295
0.745342545467684
0.6414635836477958
0.9371801819481322
0.7974255106669216
0.9371687868404504
0.8494204313215905
1.0
0.8683831260352999
0.9347847087110549
0.9081334227098056
0.9169467956800401
0.9248721401585739
0.9562368503144547
0.9083503096093672
0.919334318996604
0.8850399756971753
0.922704837666909
0.8885406575259588
0.9487643655417964
0.8362813731003639
0.953397388528357
0.8778770298148836
0.7818534203943119
0.9627385492098732
0
0.9126413089484365
0.8795296419732015
0.9477560573996107
0.821263927003029
0.9636624579353218
0.9383629569125066
0.9603476209258824
0.8656549733650345
0.946452547764523
1.0
0.9408112059116636
0.8161004485957074
0.9084019707352695
1.0
0.9345180663181379
0.8539714148665585
0.9737927971770253
0.6211792941820925
0.8088279753470187
0.9798474541095038
0.8025521932264568
0.8273214763437813
0.9499308430152895
0.9842959971031549
0.894567579825101
0.8152438953383369
0.9276539360411419
0.9472988045248856
0.904196347668497
0.9232162242191513
0.877465496249959
1.0
0.9375584127361302
0.6762481185707723
