0.8334660334892241
0.6898008928494895
0.9845182167937901
0.9274143859177187
0.8195882146364116
0.9819862535089126
0.9761940897099683
0.8812925779883893
0.7089625772797324
0.22369082096631487
0.4401645970485488
0.9462394718697534
0.9111034020700608
0.9584170533160736
0.5856423941770053
0.9942013692154146
0.9077665544403639
0.805454031593529
0.866207447418484
0.9284785521913309
0.5083491815535192
0.7446822197425828
0.9817879886458767
0.9923062213979911
0.9790383677729526
0.8895409493133148
0.5393780265857079
0.8668132695422743
0.9713741802799737
0.8073047191455763
0.9203965888530311
0.9117929529279962
0.9826123385013315
0.961511210175763
0.9689416186061354
0.9566480074443109
0.9105317388845299
0.9438914251462969
0.2792640099719056
0.9935189019827187
-0.02394869959801449
0.9644026585513797
0.8030910932606706
0.9026384064334178
0.6173009062128103
0.5679049522060785
0.5987300238401013
0.9977615323287728
0.6653072855112714
0.7669277633731127
0.8295173086321046
0.7352842204161902
0.989311000280533
0.8738883489242512
0.9199459966200956
0.7546968127803894
0.9352190412036955
0.9771671681881903
0.8540898365646408
0.4905437113220048
0.8236034530611328
0.9551210481154248
0.936279777299299
0.8975051228066971
0.506957895502594
0.7793667005895654
0.9682701807667489
1.0
0.8775335106666057
0.9123775626078316
0.9752749892433777
0.8577134071291913
0.9184319166469912
0.9341784902842034
0.9697296120929605
0.7644695421134556
0.867396325390108
0.9743909037305779
0.40255371253581396
0.9392870315981691
0.8232487837267872
0.45176546265622297
0.9027915360851544
0.9544774202710907
0.9308490647554993
0.9822454289485946
0.9389564497628605
0.9942509278652307
0.9559379225605553
0.9130728769575254
0.2879504303579532
0.9397850442640989
0.6440381550536255
0.9777257821703407
0.807137695124962
0.8292296799782573
0.778737232986638
0.7549552905720736
0.9326459525587458
0.8301546535925195
0.7633041599089455
0.819747560217532
0.7831053967792209
0.94642032088031
0.597609195971474
0.8473132693438719
0.9032328309002645
0.8029698088496111
0.7243749618955914
0.3027684967762656
0.6610627491685942
0.7652730591727116
0.8106685014144042
0.9893998447119908
0.9025879315475605
0.9699387003299976
0.8046705155187996
0.7531347496911915
0.9143288654380152
0.5318001189374866
0.8224525865356761
0.9128314238919897
0.5055447083392197
0.8437417045497553
0.9906316712825869
0.9674251922757048
0.8288583205871588
0.718234621078694
0.8661465342757312
0.89691951382442
0.9851492895549802
0.5824039909900032
0.9273182359549511
0.8537263579721358
0.935782507861557
0.6821677592588035
0.9116607860382039
0.8778362538304496
0.8859469175459468
0.9484446919521511
0.7500367088361951
0.7815281826714892
0.6522934307509463
0.23496645913952596
0.773492660180341
0.6730633041652525
0.8257325657289618
0.8956893676663438
0.8928037846560236
0.5319492205261628
0.9885011404897491
0.9805698484161759
0.7702936534669681
0.3800078230317234
0.7902252673355791
0.9557775452057051
0.8263692340003612
0.9521298371099691
0.7354389939149896
0.9597071724021813
0.7020201626828411
0.8671056139430345
0.9879057857300455
0.7905403724576705
0.7086249003191534
0.7603489396006462
0.8698538534712935
0.9495346446977327
0.6661146360024673
0.5297362239749981
0.9690111772466248
0.8429717381532409
0.6780169623464134
0.9953675450806154
0.929805053086327
0.7264092659440292
0.9502234703383231
0.8108989031606553
0.871950143433302
0.8998318202092218
0.691351609840793
0.6563835013271516
0.7188431269496897
0.39794743468754046
0.6155672487754245
0.7784908894330466
0.9725824021187065
0.9662586910031222
0.8560417177792027
0.9135040761007786
0.6632240013280859
0.7909195537626309
