0.0989924627674077
0.5460691179074438
0.33692791514054177
0.6127843399928113
0.6530900637653988
0.3073254924446275
0.32548358433501345
0.20654149551576673
0.447599573383634
0.7639395597243136
0.2870164159447157
0.574591898087607
0.36337460227806484
0.8674046729878565
0.8754987571908094
-0.09439106891681304
-0.028484638137632246
0.4315423699269145
0.8215562306438247
0.693800393618045
0.1425056110966887
0.4718383090356628
0.3867923196660352
0.7048833506460739
0.4882277144208066
0.5977394999949349
0.6973779920083869
0.494440776780931
0.6926353513901609
0.8317430705425372
0.5341039089683522
0.3150330608955805
0.7769314694325141
0.8406696691221327
0.5502780615812236
0.468843489673179
0.319434429196378
0.46462320613470265
0.6669874648378602
1.0
-0.017824507117250477
0.39218767119957854
0.5170352036732426
0.5125431761235735
0.6736396031358891
0.4455008613878597
0.6166979130327547
0.459381541376762
0.7063324490627676
0.6819320028718472
0.26839486426889325
0.6108383919068462
0.4220411781128499
0.6326254477409138
0.6672771126072046
0.22780852490805115
0.6018373675631083
0.5443446957059822
0.8004415123360138
0.6610696208298545
0.21508406244981226
0.5033656327222394
0.40888316488728604
0.6981221390417346
0.7273442887016064
0.48064003988171655
0.37974407930284626
0.052742208317649086
0.8354538078474786
0.7523336801946279
0.10009476485459212
0.3838795684319882
0.5168587994452278
0.8317792985840984
0.6236156799476731
0.7172796391239196
0.4670097677141861
0.529434763482301
0.6848331427246793
0.9069037357291115
-0.015881960509301907
0.2710072256209596
0.6214242993268084
0.87218722530202
0.6362897920273454
0.1919713791625458
0.2863577556196104
0.8846664637346161
0.711647866115693
0.8947705385596247
-0.06787998785129146
0.6374190226170068
0.5229251099595206
0.8478803560156913
0.6377268204032613
0.2447029652597943
0.5683753175299989
0.5170352036732426
0.7833055806866924
0.8127249588951382
0.4020508715100164
0.32595611474089203
0.5326618315709345
0.7363636947382867
1.0
0.4888039486868745
0.6853319059773859
0.6174403459572142
0.7826743214454491
0.6510719401082358
0.5443574293502906
0.46825289020956895
0.5189293695747865
0.5233890635255317
0.7024228625425523
0.31197699183815186
-0.06248333950114682
0.43733618895021253
0.6192404732246217
0.7576622655805781
0.18935897803753998
0.6768208231754408
0.8249677690684674
0.6217981131508662
0.8161640771185265
0.4281720113636397
0.5731773843634441
0.7455983405247532
0.39666004591400805
0.7791066889253226
0.1009683242800603
0.5023834889023343
0.7410419433384312
0.8041545631724906
0.9346948740335929
0.4637869916026781
0.12930420708737766
0.6848671791312992
0.5456556337057523
0.642671322037185
0.33946204064622854
0.41639187884072904
0.2550066837267606
0.9285322659008014
0.7661452560370623
0.36675362000791145
0.6467056001892539
0.2778623370264576
0.48439344395441364
1.0
0.21581714590066448
0.09557053216332068
0.7557566635243478
0.8518301913402458
0.44712916958502735
0.5931518395489997
0.5707873323693656
0.42593071435013896
0.790351549082363
0.7996003874475388
0.4592381499291178
0.11880732607118594
0.4043588862504215
0.8150541768068102
0.5962687187552597
0.27949493353817023
0.6106572096728882
0.7287407717181226
0.5862404036280546
0.7680392183968241
0.28624303323444433
0.3872215309008846
0.4301331275348734
0.7718341452672567
0.8863940319294417
0.07732263640512704
0.5063531153938279
0.7855961254373891
0.691395170980181
0.8759994755455472
0.3837109133756704
0.16644226791167593
0.4581967901960168
0.5787484152181543
0.6216666042698602
0.45569281554459096
0.7195756930042562
0.28399426093268165
0.6333260036734583
0.7716032606536771
0.1122426142380033
0.3451209820125739
0.6917576191648118
0.35070498294378716
0.9144973831670995
0.37531113099390234
0.11464594562872299
0.4770129752473522
0.5785078933213246
0.859133312809259
0.43729523444217266
0
0.82688952733517
0.8532797165858454
1.0
0.2210469913147597
0.3984541921940983
0.7052264973907032
0.6589958218703463
0.919404264046805
0.2311428293848825
0.42395335960306646
0.7395589118872467
0.7960234346319526
0.7344710600068206
0.20870217985954254
0.5846630388844991
0.41900038811674456
0.5987053826035209
0.7240850119198904
0.2286610757214521
0.5385486329110344
0.349729923126622
0.882219140783378
0.8250894313481276
0.02740985757466663
0.6441512425196647
0.40256598125593923
0.8533722069865903
0.8238447309574483
0.1741132721928481
0.22198260745443432
0.12894271948822345
0.4855215072480217
0.903070817964033
-0.11953871049484044
0.17950051197046446
0.42913224659453764
0.8228426472356545
0.7543488072584037
0.27304019676515967
-0.09156337966916328
0.7415555357348811
0.6205647049165102
0.8520283599101156
0.07383051750726333
0.40660144022426226
0.47976747122435826
0.46863284854998577
0.9094468474111586
-0.07271724864346307
0.4933619043150419
0.6682434794675618
0.8076353668744953
0.7938861435449139
0.3570960795083842
0.4456913722382546
0.2041179233907976
0.8381079969959189
0.9395319116121877
0.25153406775984277
-0.04355104027805945
0.6123045846691562
0.6605581233588164
0.8142127814797008
0.48110625150691333
0.4214505299193646
0.6702063702518456
0.8799600071024005
0.9177731138493255
0.38088599019370784
0.5202715890435388
0.7572605547359177
0.8215562306438247
0.6116372091846684
0.3745783974557606
0.4811498566676543
0.5278929683931911
0.6908068514745666
0.704684916784119
0.41334384865519214
0.504912730533824
0.4262768103819501
0.7518055441140307
0.7577223961774998
0.22323464298233975
0.3565887356287052
0.4171901669221054
0.7150003731493627
0.8191537472918623
0.5529036263927238
0.6999419289098474
0.5057470529141354
0.4562435754509835
0.9218744290946127
0.20138190828425406
0.4623566570568435
0.668107875563627
0.8650269896700192
0.7579879441319552
0.36760573856875167
0.4636054673070361
0.1772622538568187
0.8432195840803369
0.9585641112391541
0.4739339508522247
0.1506482955573083
0.7518458144935297
0.42681467577965715
0.8816890648109649
0.4429741143508953
0.025468549602867374
0.5882383488815235
0.8500434342314802
0.7694935110355896
0.5732234420680832
0.2925684712986294
0.6298707302882729
0.7703373217404514
0.7860420004383594
0.44090871388406816
0.7526117967035293
0.1648556491860822
0.4776620845375795
0.6659764643722856
0.1917747299184951
0.46425601726079035
0.547300322376964
0
1.0
0.1532449234330513
0.576767626292068
0.36039212407875376
0.8417887276111166
0.6736396031358891
0.32061123453866824
0.6472690989394492
0.2859702590092137
0.783194405212227
0.7405484420222912
0.4563693405034379
0.39912663099804
0.8360336379595092
0.6596058168129758
0.9726902697306682
-0.10788968758476347
0.58028437274017
0.5786550708403537
0.9097068726172339
1.0
0.5030417856763838
0.39415165628826165
0.8828633065357824
0.7540707548079996
0.6884293354818646
0.2151320924679303
0.4027809202599043
0.8303096723068378
0.7062128807225568
0.9623923079031005
0.03164369890026475
0.423422030239766
0.6988949153321314
0.732421108960628
0.6834889925812603
0.3840643474133696
0.6933303102797044
0.5028641430392898
0.3560396750999014
0.7245457320479181
0.6303629242065046
0.6535571336424114
0.35150840284374885
0.7546268749850468
0.6364436267716718
0.2137856464059984
0.49472971322786974
0.7649399640670165
0.8001003804649722
0.5017265664241806
0.30218361102847036
0.4405255723299417
0.5835382689958569
0.8028700767100463
0.9117206170601034
0.6324107700928576
0.49049230519731013
0.631786975545344
0.7480463187775097
0.8195019089744051
0.1684229554990263
0.4299544075929056
0.6720305147843862
0.4798765502732958
0.9177731138493255
0.4856913701412333
0.46604993212699086
0.4757317478166654
0.48964638721625986
0.8072065961957516
0.41480198071870844
0.5439109398641888
0.6254616408320589
0.759623369525205
0.7913917364311538
0.23270072986046875
0.5192804296565695
0.4576861266665043
0.9003663619885135
0.7992964137074859
0.3774589707342768
0.4487446445671408
0.6201468974254688
0.6170404457840718
0.8557990599437166
0.14889133428495183
0.29635741806602645
0.4532483739914217
0.4935466078525832
0.9376935979885486
0.24671012559030314
0.4537478922614895
0.8889333534773707
0.758448781049032
0.7847491227267545
0.1590829144767698
0.2086720910761699
0.7472812390226234
0.5112008418956069
0.8507235070992534
0.5798040357184437
0.17321387539301247
0.6738243783648831
0.9219056752872798
0.7034212100889305
0.16286064960537927
0.23535672045611955
0.6395352011635362
0.7985484127346109
0.8008749789415414
0.4956949716467567
0.44045915334404073
0.5040054526291661
0.7374369652740697
0.6888267484304853
0.19882990474298556
0.835855452433433
0.6804737626450698
0.6799142670060789
0.8517333728424906
0.2409943020757659
0.40257735427851193
0.3331092396409657
0.8960822881654292
0.7654942743168951
0.32294713944423403
0.5330423784541694
0.6427947879327971
0.8272236919285955
0.6934389799733937
0.4434091957187163
0.746220432855792
0.6638387359123332
0.6013412519105086
0.8562230392857587
0.3706495758840823
0.4656036085855153
0.7099812553003104
0.4896416663523919
0.911458745677338
0.6530359927132326
0.5402728937173249
0.6143229101417649
0.7448212389611837
0.7954114358126234
0.36268569217008606
0.5330848726068003
0.7703123557670837
0.9300897932092648
0.5006345244809153
0.02306567937291759
0.5181540922840208
0.3516497680223367
0.6818487283183811
0.9635807869729315
0.3738115318121581
0.44572398630530674
0.5585652280567577
0.44377995769830414
0.9125344657694462
0.4507305777157742
0.5920673577947462
0.5265212556842239
0.7279375873659527
0.7225402345213182
0.39308239736501294
0.4265528604995539
0.7248728380826478
0.8266414569712884
0.9395646993825507
0.5096518836036188
0.7566427867379913
0.4604862747645626
0.7127317806733876
0.8309903150087378
-0.029784887467052545
0.7463839070955032
0.5751729618702222
0.7032164470906809
0.9016307983148574
0.33482722435774215
0.6586541647445435
0.5847216164786246
0.6392633912949782
0.9686338047740769
0.1937241268893627
0.5998060030984093
0.2500606604542923
0.8986843169431306
0.5783062714046241
0.5780560652747508
0.6927978232020978
0.5175233479723726
0.8219710112143304
0.8680385642408818
0.6986160058298665
0.47047820230098747
0.5623458008145303
0.7675582186359357
0.809928677052061
0.4358547036892573
0.2780039088503439
0.7001646168629246
0.5672788966215697
1.0
0.5242233631537554
0.6270095261079716
0.5836506021460783
0.4869507885985467
0.8142127814797008
0.050780211554069865
0.5902669665094421
0.6462813693541563
0.6740509803598509
0.8065339258433003
0.5601819295882545
0.13064651473232436
0.7575526918919522
0.6522732887497799
0.681370112539105
0.5244038330385112
0.9537664141482383
0.591897178976774
0.9586305247481475
0.9335392183396015
0.3956702144691462
0.3456194212172923
0.10472471292748442
0.9439958331397886
0.6101136891209754
0.5065890178219253
0.3015578047068501
0.2397211279240562
0.8775408110798938
0.807652094154333
0.3627630432306087
-0.21522202938243118
0.3756711095483394
0.6203939349414431
0.8919448802602024
0.3519431183951388
0.46889014242926286
0.5535531690581329
0.5896229204810441
0.7917938188673115
0.4255443288529579
0.3864460245995094
0.4369093855315592
0.6596167147566668
0.8941641300193498
0.4178132304459322
0.46533377906154505
0.276889660180448
0.5602228994112478
0.4877082023981081
0.12593137402201482
0.579169263716421
0.7050600900349776
0.49085465020351937
0.7907953277153076
0.6405543354185286
0.5313980165066603
0.6004684978612939
0.3326345698508292
0.7599230543424187
0.5831444565027292
0.2604162068517215
0.5387300020886426
0.7299588933233736
0.9621152414612809
0.43898342721933625
0.6289014324623414
0.6969493969586076
0.5245748767792995
0.581161057597921
0.3241212414848853
0.4557828346480831
0.6580876141184377
0.7091496644684417
0.8940269082885716
0.3651035256638717
0.2292921615688469
0.7476307511218553
0.5061224656964008
0.8525456660928078
-0.11953497952401393
0.5042539926278874
0.6527465803016794
0.7992964137074859
0.8534700996290172
0.11089627436101579
0.2934526273025204
0.46416298432593717
0.6010860998216541
0.6910022058320688
0.2492217786830403
0.7606084941570328
0.27891226542140757
0.6389592508685138
0.8596065840212473
0.02720389541309154
0.24748299171029942
0.5449766274920297
0.4437210816308066
0.8757856212143522
-0.11945797504697953
0.425521123237244
0.6349131365427474
0.3902240150967018
0.8993221817550714
0.2710961543690462
0.39191819873627565
0.7498616241046501
0.6810184123627235
0.8611928383297675
0.40128683364416595
0.7373650562285643
0.7038745845992189
0.722717348557201
0.7763123280825425
0.5502950138028468
0.4753729154746007
0.21542537538561735
0.6846013325488487
0.9649044242093893
0.08556551606434248
0.016864087599585464
0.6418880121073003
0.6330928170699989
0.7252976726240636
0.24103083495501698
0.6819838835864043
0.5346629869955306
0.6241887819599623
0.9257329530585563
0.6095204854416721
0.4469868521616349
0.573114717176595
0.7754422358902044
0.4033739086443733
0.20150633588646405
0.668279126371148
0.6259359198961785
0.8416886711956665
0.3352641851984315
0.19873112201372134
0.6228070484481433
0.33537945483103226
0.7197366334709808
0.9223774357571509
0.39280395450361005
0.2837107215977215
0.41976733188713644
0.59395830682322
0.7448212389611837
0.8170848936244371
0.6659792864960308
0.8779229832063427
0.7468402564588955
0.8019049481589219
0.25174644232931276
0.5891186041343945
0.40382653212948316
0.5080985364667159
0.8381341526912974
0.40125454600334165
0.5629831215149022
0.5090348098574442
0.7702022241732579
0.9164041931727146
0.19428263151177338
0.6695255060950099
0.7371813997695447
0.7588783646054722
0.8558731049082777
0.3954173810898718
0.6866636137927645
0.7804990039023257
0.5731952722028479
0.8277488923340515
0.5835359478286959
0.4083346061537739
0.34282228281372085
0.622692240072499
0.5276633281448931
0.2976228740815523
0.5006322849481561
0.20367541405989653
0.9358587553242179
0.7569924573492883
0.360774986790386
0.6360414046453882
0.6913795458530245
0.5913471298287991
0.6241469275478869
-0.014602485145763566
0.6246372919157207
0.5497406112513935
0.5383104990788407
0.749764340957452
0.27742075699074253
0.3413143985779894
0.38206967184001295
0.7434311550021433
0.7659933215230793
0.45769925284484714
0.6047265030489747
0.3843588293158837
0.7453564580007539
0.7557680011903213
0.301016081585219
0.298911075842452
0.7081755454879685
0.8041886815303616
0.5178035591386791
0.1636767022188319
0.6161810273860799
0.7747567582568368
0.8049260769779396
0.8527627110374675
