-0.16108374311526763
0.9497891743910054
0.9718071289475355
0.9579142894229362
0.7627073211498075
0.9959923949856986
0.9030595180182582
0.74410651487226
0.75616016403878
0.9624416003248272
0.8818211919036272
0.819067489980364
0.9910018032278324
0.9902960135954224
0.9897087289603365
0.856515943830746
0.8529001940133061
0.894161633336045
0.9946060329802698
0.8890348718103983
0.98930777979082
0.9450464191896151
0.9916582442802374
0.9571813365825267
1.0
0.9803733612165898
0.5239071067177418
0.9788296820729405
0.4898700570503908
0.9991820312102371
-0.28796299048048524
0.9618613185835921
0.9810719606715801
0.9437586200540217
0
0.8893119511151059
0.9641330172434865
0.9913550107280483
0.9235154916746915
0.9081179314076947
0.9448904771946508
0.9749674869772216
0.9627911010904309
0.938117590719442
0.2857312969024153
0.9819526697776916
0.9949534092568704
0.8863170311543923
0.9071941390570739
0.9751963507897267
0.8795053120301347
0.9378862280589804
0.8796864565831524
0.9516337460472687
0.9790261047876372
0.8798230954504813
0.8692222183663509
0.9230366032560935
0.74410651487226
0.9972077687020473
0.6632595933744572
0.8905763578418207
0.9617313800509928
0.9660381432356633
0.827942692977021
0.8149093315077515
0.22696839295064797
0.7381402739376796
0
0.9972128186027526
0.8307172630998553
0.9226687195489172
0.9121035472563024
0.8837706708924161
0.9071186366772029
0.590585776579886
0.8536221422919712
0.9080873173318282
0.6513516567599239
0.9032062242980033
0.9953330615261715
0.9804385299066798
0.8503903388750359
0.8898309828478698
0.887855072491865
0.8068837898970083
0.9770946195027455
0.9336858419464066
0.9615570244975676
0.9342019983058862
0.9485082135824683
0.3679562453947933
0.9237387969205054
0.3675311813747739
0.9409781301701633
0.8534015583315779
0.9685311262154882
0.9845090756429471
0.8888033240668642
0.7942165475361106
0.9699612876666132
0.8930342690055054
