0.888897825250492
0.6591809586343231
0.7734041194631315
0.49799771100233814
0.6755029848052381
0.9733917573714564
0.7973053528205178
0.9658426518093559
1.0
0.8246349525329578
0.8143821252295633
0.7889646617835904
0.878876722770964
0.7747593095993129
0.7132022764230843
0.9532330174642857
0.7535889130131064
0.7619127812053252
0.9495906514384084
0.43046783947243883
0.8900691909347976
0.7580494470479577
0.7810278461939602
0.7911386279424305
0.8018947040187271
0.7879984122757048
0.7658485527673041
0.6622393855135448
0.9587312216982884
0.8546786863823542
0.7903842975757699
0.8123597881812251
0.8881961157260225
0.663286289946874
0.9906622031029925
0.6157406852042825
0.768403821611955
0.8813028926135785
0.8900691909347976
0.9617464256586891
0.7288645107797939
0.8497771855535282
0.9125337152205879
0.49296484847350786
0.8009306243882898
0.8953185224643591
0.751872077811559
0.47629125727192045
0.6498566530019649
0.7832288153752702
0.6682739727120692
0.8039482439651574
0.7496951456506833
0.9574508035103657
0.9074934764638989
0.7931304625389668
0.9477730233462516
0.789713867188222
0.7225739560361327
0.715075755472985
0.546014086338557
0.7833996654175961
0.8142469957464988
0.7832423612823257
0.8203236619223866
0.798283482769061
0.8533140719524499
0.918840980967269
0.7365725159059454
0.6824122772665222
0.7782585818363774
0.8334179790806279
0.8948606236675638
0.8319228392425276
0.9055391490028875
0.9429667271661261
0.9336836505025737
0.9327938136817572
0.7485165937874085
0.6371510431003528
0.9728256636847146
0.6958012649620952
0.7264388051878512
0.6923604663310235
0.7111681505321766
0.9141642733531717
0.7559366174252686
0.9663700185221488
0.6599277853251618
0.8136417099056122
0.8637766599508516
0.7930766444965095
0.9679784868988065
0.9836814784643412
0.7646153590329758
0.8425399832485774
0.6516705190869271
0.6773809008190931
0.9292424086541179
0.7659854047155132
0.9204544018169675
0.9252291089733393
0.7399092736610273
0.7904481825232796
0.8385572599296296
0.9048371947204646
0.8123837157630961
0.753482636479405
1.0
0.7597524165556558
0.7479836017297858
0.9462982005441498
0.6806039342169935
0.6253297618119602
0.6507862361606319
0.7612287324689999
0.8232629231153199
0.7800730421491704
0.74694916256233
0.7907594341677822
0.9575425047441896
0.783842862532208
0.8126199459130956
0.9404848981651134
0.7405657735718637
0.821853262588065
0.8901304870658341
0.8831533151428465
0.6655337914026135
0.8137288134923792
0.7238544384187028
0.8056328835299176
0.8282798356559062
0.762876972737814
0.7527048119095222
0.7532650109023842
0.6762055088164095
0.7732529125593863
0.7979013114452382
0.9032945149173003
0.7586373977788803
0.6985748937173492
0.7037252618585245
0.9818072490838491
0.8125280081974721
0.3839562849890271
0.7232653927778719
0.5214008389404924
0.6898082811483492
0.847737133631092
0.5947716595517176
0.7558583487128888
0.7735653126662322
0.7728578984353311
0.508092218498281
0.7016359596542476
0.7684094193983237
0.6342236025403521
0.798639389251641
0.565616762583535
0.7827691556904807
0.6453686629055407
0.9181350037965645
0.7896302378891746
0.7500157187614086
0.9674682231407771
0.8128307751106193
0.8101405988488478
0.7517675145602044
0.5582179688078971
0.25135448001643834
0.7300394883445888
0.7051663148500127
0.3802789492913924
0.8487688492766577
0.8704461231558546
0.9543266751091826
0.859544167214676
0.944138674829775
0.9311878909486914
0.8192841981507967
0.6275918947131477
0.7573541460128084
0.908261408194989
0.867853081356658
0.7990041723015233
0.7311897947183525
0.3084043213965717
0.7001469926683159
0.8101087371034685
0.7337191889333641
0.8098664243927748
0.7383720831449567
0.8832741352580123
0.6201276391676304
0.944138674829775
0.85253541474193
0.9463073433832998
0.8061414443332257
0.9196211428491322
0.6075488224213158
0.6065055674838011
0.7866927940922316
0.7531482183892865
0.8974896730001469
0.7278971166604924
0.9202012770364224
0.9256570676282814
0.5019566669301161
0.6836889291159338
0.7828926827681746
0.7592663228573767
0.5540152598528435
0.8173638609663559
0.7415845640737042
0.7142584121273015
0.7204194515126642
0.9042667062667263
0.7000411552501058
0.6934346144021841
0.5347370759782857
0.8552021613202185
0.3955401331289716
0.7641044736050847
0.8272283159284283
0.752807849076879
0.4748031978225592
0.7357593755489574
0.7112535633102772
0.6028173826265942
