0.733123404556268
0.4091432783964499
0.7658754831965408
0.4471771669939564
0.645213994891675
0.6589649135927922
0.3801272975312804
0.6252922491606059
0.7595288076154394
0.591212153107715
0.39686012060094256
0.8245735348568912
0.6253362111426539
0.5113244161757691
0.43527187024469627
0.6316072504543209
0.10709178298134991
0.664548754531762
0.5215260710486547
0.15730581718009595
0.6500916926033233
0.4338924675623388
0.4639378860865637
0.5527016526717159
0.6399682068589877
0.7769548617909606
0.49337003529546086
0.4147960560691877
0.3680902715055263
0.5959892644792774
0.6218942404846259
0.1914919023343925
0.20899644648541216
0.8499301366768026
0.6520749273121728
0.5928244270486743
0.5273464461166929
0.46163425882390696
0.1734416151974626
0.5456556549830374
0.13298940433683049
0.27673756210976874
0.5516092408019643
0.30101782565980006
0.20728987728523518
0.6485989484938234
0.6351847219611594
0.7033767033185035
0.7473174211609378
0.3889204907024485
0.6072781641963191
0.7220242724214163
0.6133996158041495
0.843239008452282
0.5795160105815074
0.4009784233762188
0.7064855912190161
0.3901783446779692
0.061133925819499835
0.46097244869110077
0.5907919307050276
0.42328448273271735
0.6899423539588027
0.5764288297478116
0.6906304088415728
0.3031979703196914
0.8552039436302499
0.6372526176997989
0.4074275735315285
0.601994713217287
0.5690112417785438
0.6809018122329157
0.6571540506858137
0.690627068147482
0.8142315406289699
0.7011151977099234
0.42445396147811665
0.6366746313664379
0.6564687585604805
0.22914188484253573
0.44269232762123834
0.6332641905837593
0.5587876441405479
0.1455029205004299
0.6052702249455051
0.6085984657976149
0.7429898316899185
0.44485043506149735
0.5925616891291597
0.35562370251169284
0.849258006971174
0.32361467200723015
0.7924966608690034
0.22800706266328008
0.5609835598951622
0.411916208742503
0.41298962650474635
0.36866116799367155
0.7218577939720826
0.7187124098069543
0.644639040273648
0.7093114924299341
0.6614192762851981
0.5644380159113336
0.8142555156802096
0.6858044946906968
0.5588488336188091
0.7620476957902849
0.4625839781008121
0.6524926002148896
0.5623893978234619
0.33152851922359194
0.6640086355374687
0.6737252932031234
0.6629668463412717
0.12959898158069816
0.4701809695985857
0.5350632671480873
0.344211017305591
0.6696557782120187
0.4467839382383767
0.696254217719494
0.3738571008994217
0.3410517985822521
0.5397638016492611
0.4517330787916751
0.6015630355630325
0.641139274719081
0.40754877587883975
0.6204768836969995
0.6376054014353536
0.7309493197693988
0.5488710846226166
0.4328273482359273
0.5673840460666928
0.7664558337719842
0.7354358564163962
0.49850429621434444
0.7113894284815788
0.3283627150670698
0.39535289698229137
-0.06435603301325488
0.4800308693293267
0.5761782039039096
0.4275770341936629
0.56474024330268
0.6341133572863676
0.40371194636569774
0.8430219599771921
0.6559376203720265
0.4454550092241285
0.3445276885662777
0.3381860354199522
0.07727351603899324
0.7358069713706504
0.6379441810896892
0.5683844101990482
0.162048269649401
0.7640663670616328
0.5684584190629703
0.5945356066373338
0.7056952287441319
0.6674215702333097
0.6309980110864236
0.23653591062610524
0.3025283490737094
0.8160682775066006
0.5915894400614498
0.6429998698705953
0.4788764365390765
0.6839996783790301
0.7258966875372688
0.2099700513458379
0.409648235842215
0.12046600263785101
0.5906296453011396
0.6669189674721072
0.19968342348269774
0.31038756937645173
0.5574473976307401
0.05181246746709112
0.7772394816762064
0.48736700856632975
0.6365038011959918
0.6678888668875079
0.5191751539406664
0.32650903249923835
0.32037165429185754
0.5251507588907784
0.2210718558037108
0.566248073361689
0.6789908238238189
0.7864878109001178
0.4117029729712546
0.48765363996062305
0.3863908514148493
0.7117007716343491
0.5815398991430278
0.4569505706275723
0.7640070375202304
0.3822252180931648
0.7642220299936441
0.693380019774221
0.7203655725055087
0.5438565819903391
0.41814308702941827
0.826750066102924
0.0415303607642411
0.6149931535236687
0.22205826390687478
0.40364587365918414
0.5839204286811658
0.6748175853996545
0.06867663312637773
0.6376830232391202
0.0399648897167455
0.767107407122795
0.5015862933609
0.6366603905695856
0.7682768567747479
0.6783368948837722
0.38053005823767005
0.09514340025804935
0.8633896099509918
0.7162535772156968
0.6599132347447424
0.5061512850925551
0.4152596446743122
0.11221911111911043
0.5483758140691163
0.641157121545184
0.20225854478787186
0.4572874246405021
0.6892664481321505
0.2824032949879678
0.5673042902631551
0.6168101605525214
0.6047938744599792
0.45999816541103966
0.42427185200151074
0.47160070395667475
0.3276497202645188
0.41033578573809015
0.6286652788141263
0.6133187940175443
0.28164805011831273
0.640755666933223
0.5770419468168281
0.7624817913711538
0.4295434205360298
0.6455383513874112
0.8601221214135654
0.4398608077516655
0.6482517574412232
0.6511138934054703
0.7770550014599716
0.7300410855837715
0.6487064054791731
0.7022260210559395
0.6709929252180867
0.8862642902002219
0.8717274134248801
0.8971140305788958
0.862840324751399
0.7249184445497245
0.5994226493704939
0.7996888867333194
0.8100821316294667
0.7723959387219375
0.8224638110442596
0.6631516980910117
0.8506601858001007
0.8214407080453452
0.7709188073472653
0.6203566282519767
0.2217395969580972
0.6394998975743508
0.88449363059797
0.7252424398570426
0.5604088767162946
0.6767998643621688
0.5444795890590632
0.7707430784678014
0.8518362495092398
0.6181492548305064
0.8781825470696485
0.7564881170701224
0.8347035573262537
0.4892374116749785
0.825777134260064
0.7977619281415815
0.8883825654848931
0.8447674315852227
0.9162042600362301
0.8778471427230934
0.7644312723161609
0.8416968377063914
0.8582756902701694
0.7986707230266493
0.6845135416830243
0.7726878499892835
0.7049235038463247
0.9112795533122554
0.7616541521973625
0.7958575384146952
0.6503712729851845
0.6106605915805438
0.8012235630831854
0.926567713241423
0.8222055499818994
0.59755558976184
1.0
0.8118115521488551
0.8006831466131907
0.7714929289218482
0.8206623882676867
0.4513208116497336
0.7265115992099223
0.60249327346526
0.9522004400771394
0.23938095729663655
0.827910851310759
0.7969531084972812
0.6684580453356882
0.7027677104290698
0.9025326891677568
0.7934698073428481
0.20237031410744022
0.8581508204051944
0.8205066435976658
0.8749510812858735
0.6471837018311375
0.7066394095713254
0.7861323920395928
0.6760392827536779
0.7029705873368937
0.777786397906738
0.5967739280444758
0.5006560085137057
0.8065860920243323
0.6288579308177695
0.8903970571320031
0.6472565015657294
0.9235976431617868
0.17094723326964478
0.8582933109199079
0.4597297432247951
0.8686076975188737
0.9022390948034328
0.8281538338109361
0
0.7445288826986138
0.8867421773268022
0.8255793716899175
0.6214062890446604
0.8031251336979859
0.8402911857398838
0.7753791357673805
0.7810381488167986
0.7664978668719798
0.8651497841459208
0.7031668407992198
0.7919919692733285
0.12964029528793708
0.5228998508805798
0.7981127547343765
0.5765643067454578
0.8049677773902726
0.6965186339104372
0.5855545606983015
0.8610205150226705
0.7698135700820771
0.8998895886848454
0.9056336541621867
0.6639804908754712
0.386904037076662
0.9350348172895324
0.5328000901680889
0.79410873171631
0.8466649361772072
0.8075387572169527
0.8566970061938074
0.9316525627659664
0.4788795340177038
0.6688568930233858
0.717367675534559
0.9205234623794311
0.5490584271727778
0.8128706343132859
0.7897368395227913
0.7753906933926518
0.8863415273204202
0.8416422308641159
0.6813630937675407
0.5813135311098316
0.6348028525800514
0.7040188712883717
0.7297460560269542
0.8789434059749316
0.7096326089929358
0.8548308173775039
0.7006054459879633
0.5370515005230618
0.9495707291481281
0.72079542290983
0.8583453356858116
0.8378766211582245
0.5708250274858515
0.8904438415861449
0.8347495029342712
0.41001469077747366
0.707188582159765
0.6578534226547708
0.686981232944879
0.7080238169152129
0.7992202778461457
0.8078159354119456
0.8762056162913606
0.7786679852333765
0.9043475586579205
0.7409012487548945
0.8966214983853636
0.9313899893431153
0.7014591454410931
0.8387008567942442
0.28752501185779966
0.561101813793628
0.8730281502036932
0.7756961985856144
0.9054164135962468
0.713040831745277
0.5651622513894206
0.8993977642252785
0.7277866130086976
0.8614673392112338
0.6760746037698205
0.8583949837367348
0.8282609538268384
0.6879859965591373
0.7997664293296028
0.7880103234173116
0.548307268399326
0.8103268915205768
0.9188944441057797
0.5001897660476305
0.8302496677810163
0.44007830109276935
0.7043122108335684
0.8225895137420157
0.6151605476506993
0.8444087062967749
0.7203437177671881
0.7588850056089517
0.6283907704426711
0.6766094731153341
0.3320034818769855
0.8019802405919799
0.7786747282402672
0.6438524496244272
0.8361767912242924
0.8787221619606096
0.6372592944172201
0.860485498281752
0.510992363055068
0.7881683464708855
0.7461234117261715
0.882003098840068
0.708070659530868
0.8435204764921076
0.8941820926219956
0.791816222277684
0.620682509625318
0.864029352490744
0.5969470850867123
0.8337583778142398
0.6257998637409601
0.860280434440119
0.9384049051210896
0.8060848727498735
0.8817507172093819
0.8716153388193153
0.7821459588941524
0.8176292600854033
0.7986608125983199
0.6137906618873437
0.6560618424790446
0.6041325415703239
0.9059496401243289
0.4935572504812924
0.8950926781826258
0.8412174560834167
0.6912171805397209
0.7611406391161406
0.7950566527867065
0.6503660122294367
0.8195900267088199
0.8614810761508374
0.7572537858249211
0.8612232623256165
0.8584038247354526
0.7992452158012825
0.9183635300881237
0.9659007607061055
0.6954997512796723
0.9766132830420408
0.8869676274644902
0.9144332359834715
0.7335527842700924
0.9606867347754193
0.8338844165927561
0.9809140451862309
0.9116823633705502
0.8746526186925573
0.8267845759907717
0.8704444284367854
0.9783839307846112
0.9193612917340924
0.8845847198993679
0.9662200515319733
0.9222454749595707
0.7291804881054356
0.8586654554966024
0.8759223029597509
0.6706979258086462
0.652318986051299
0.8175785228756728
0.8148841726547047
0.8725221939474039
0.7733580055981985
0.7684940146058271
0.8532204823182064
0.8047010223013776
0.9312496411625595
0.8815259841645383
0.7733172195932635
0.7549613805759742
0.9226814206751657
1.0
0.8322769052502991
0.9415125017704706
0.7943282235820329
0.9248769274609926
0.9673111929218796
0.793597601625193
0.9723909898365476
0.9826775032860519
0.6730278378606702
1.0
0.871411121633649
0.5839785109691675
0.8381971673635887
0.5826411997429444
0.9211727283412867
0.9611091790086718
0.8636135307429113
0.612125929233098
0.7038272120406472
1.0
0.9620547192499695
0.8511929080157454
0.7679912429956395
0.9334131680116634
0.9570873456001977
0.9844948495918602
0.9209059616065582
0.7606433434700784
0.9333144362226858
0.8466060909653543
0.9809665000406487
0.8429170113093467
0.6862859552136884
0.9378225132267656
0.9040952002080687
0.7096008648068212
0.9682229649548675
1.0
0.7927463913545783
0.5289257483104545
0.9917088033614524
0.8533042465580335
0.8881397666178001
1.0
0.8904802551968043
0.9257536085268699
0.9350458345184203
0.6665027448865463
0.8638818694011604
0.9505701635483521
0.6347420464697235
0.759232234587115
0.9095756734662829
0.8283696566018397
0.9510634324369065
0.9602929291171708
0.3207411598549095
0.8980298804346629
0.831270180486319
0.9106887469613791
0.9084939462130042
0.9127058126125815
0.799285727970124
0.9612632032838967
0.8913859998718405
0.897144081131164
0.9767348450513231
1.0
0.8447917310293513
0.898699281370895
0.8336478601401156
0.8533165251700366
0.8746736960431608
1.0
0.8633279585576694
0.9264058298130134
0.9509491359992637
0.9077011797026711
0.8367726128948443
0.6571083476423212
0.8531300791590046
0.9523764382621365
1.0
0.9010491179183209
0.8183478581887398
0.9248473850227592
1.0
0.9737492572182092
0.9426169514658311
0.8191317329521929
0.8145363817364988
0.9035685641288573
0.9255926247964448
0.9180922902519449
0.9037178554981
0.6764328460981217
0.952011343171028
0.8389638316193797
0.7941622598548534
0.9249112568880951
0.5798362427443821
0.927227328458806
0.8997698813855188
0.8810090440582025
0.929140801820432
0.878575889489327
1.0
0.8950466355796501
0.9406579492414738
0.8738145352343759
0.9682601828856594
0.952415368397688
0.9245371737420485
0.855888039649667
0.818700110404839
0.953688176277078
0.9774677536994781
0.9183459146643729
0.6912618058048021
0.9701748960239578
0.9224314808844457
0.9265348999175393
0.9504851801329636
0.9775856793656765
0.9594562387043422
0.8645505746354026
0.7948473231511547
0.9107356093567427
0.8543874983100297
0.9384985422692237
0.9752501272683293
0.8685182199203851
0.8908129589571009
0.8979900283680533
0.8604171723907473
1.0
0.8431142014531225
0.9735654002600512
0.9805719442684707
0.7941453843593395
0.8839348291442872
1.0
0.8189365946346783
0.9536602185593726
0.8534856768931527
0.9067887792334325
0.9707853994973311
1.0
0.9592465302806935
0.9310174245499475
0.9448949204769619
0.8221043083244537
0.9226203270632939
0.8237053045318459
0.97848176483105
0.9157494962247225
0.9613404357726522
0.8722815982481938
0.9473268419341854
0.8585457755431195
0.7973851263453074
0.930582762695757
1.0
0.9560741363427189
0.8915006536030502
0.912139911816675
0.9270862568149628
0.9027397865784295
0.9198010443347207
0.811758444716258
0.9826089185660115
0.8322298401628985
0.9541576086564976
0.9518324912211749
0.8234155464831936
0.8830441516801433
0.934005071947255
0.9232625924947241
0.49398739268824565
0.8172451190799962
1.0
0.9881912642193373
0.9056329881667825
0.7999831148499106
0.9652013241204291
1.0
0.9332887326711176
0.878815016413049
0.9405871343265612
0.9696239053066247
0.9353623096902928
0.8023404335175196
0.837765686451699
0.957913004051608
0.959903549780846
0.9205743509566701
0.9359828940878725
0.8271926581755713
0.6722815630198387
0.8362058554104521
0.9430236251332713
0.9264202959423372
0.9599743795052581
0.8750860409322745
0.8252584608717742
0.9587804766489059
0.8995027809657615
0.7919730805787184
0.9698194791248453
0.7201512297795262
0.9428927613225185
0.9150051634582717
