0.7270713931675061
0.7176623688965267
0.5889593095016747
0.7687069838744492
0.47320509622498874
0.6016910884959583
0.8278396580174705
0.7094585517162043
0.5263719161119016
0.8383156410917053
0.7879484514346798
0.7936936194312273
0.67910780153249
0.5316493953861918
0.42644107755920846
0.8418638922815413
0.7504862267837361
0.8290408317516057
0.7453663686762831
1.0
0.6270825539708422
0.7117142695322732
0.16180296885124001
0.6531947278421883
0.8800850583340983
0.9162042600362301
0.6235631130772846
0.9001010284968708
0.809731223291267
0.6056136682354368
0.9596481251480855
0.4742918214637163
0.5538304525336291
0.937199410116516
0.7188200088006603
1.0
1.0
0.7967907459626423
0.8869861305740715
0.6007677377205803
0.8508115030841118
0.14057273505618662
1.0
0.7421053112104649
0.7245049029268225
0.7871337296774948
0.6429212345860071
0.9233916027469788
0.9413785745853175
0.8219877318817956
0.9511819152122625
0.9889204026625299
0.6291287017108281
0.768763719553993
0.43158417122282855
0.8614673392112338
0.860328820194283
0.7772848383007761
0.6382832866759501
0.8134257328678453
0.7257012047632925
0.6792290122156004
0.6489267934568238
0.715544356956961
0.48217209503496183
0.703516412950674
0.8519915088868318
0.8030963574344021
0.8431828122571429
0.8102475365661562
0.8314881281837111
0.8521496046192397
0.8598493236435631
0.8138247662035333
0.757978032320066
0.6786309451209647
0.7173512208401092
0.1713674767571336
0.855888039649667
0.8088642513257828
0.8592952456491859
0.5463591380067906
0.9084939462130042
0.870682484889065
0.8756696619629366
0.430267096039197
0.709206337245803
0.9051400856713572
0.3508985092125343
0.4994768589673231
0.7930617711747344
0.8389692992127574
0.8743253568452465
0.7422436870115385
0.7620154128058916
0.8725221939474039
0.4928488028822139
0.841520200154653
0.9080246704889059
0.9028121754947441
0.782020022692352
0.8512021165931459
0.9005925389500166
0.7892199660109193
0.7873747281143317
0.6143347997452567
0.24106403699303858
0.6399897622468036
0.7897047297429307
0.9541453072437764
0.8940669734810425
0.7545116099589294
0.6616951573741998
0.7466807381679028
0.8728159869961981
0.6860958871612537
0.7101127352123824
0.7646768782885544
0.5605621929862276
0.8251505286955664
0.5777738232925089
0.6373398471053195
0.7863259002101252
0.8850548933278648
0.48756125610168466
0.7433748923462056
0.6526770976407152
0.6181777180474639
0.6743843881906236
0.9012269976435391
0.6523970350948963
0.8931401948604859
0.6476366871217406
0.8159074267641624
0.7241351270837874
0.7137674245705177
0.5970789825403945
0.6405232932747225
0.8971140305788958
0.8871793733560936
0.9136863886795026
0.8692344597123931
0.9074306276543679
0.9136782373381502
0.8765254567412893
0.8692821422781678
0.9301455193753575
0.5522535177743371
0.84281382875748
0.34623559838494666
0.8336478601401156
0.48785550743095807
0.4229569203891379
0.8836106984048594
0.8779867686387219
0.7221484499895108
0.7058482138981258
0.6381002898016094
0.6090147337899278
0.8383146973895982
0.5633701637255849
0.7592402895876113
0.8490222150155108
0.860485498281752
0.6098546527159725
0.5704382594773882
0.27361231141282816
0.7960599046060443
0.3119807606383136
0.7683115605835614
0.6553418660750607
0.8004053555356628
0.7281742161483125
0.8320113719325548
0.7169908293102359
0.7913165145761265
0.41098954318889047
0.7426551881379856
0.755606881028522
0.4173832337886392
0.7252424398570426
0.5676515037764954
0.8155734355265073
0.5785632488455269
0.9007758033669848
0.8189365946346783
0.7339949392089683
0.8825889357135631
0.7506407695316722
0.7881683464708855
0.7828253477811742
0.6520156778288124
0.873992146137517
0.8565420780200923
0.7555374559521577
0.5315165969162117
0.7210556243960303
0.7953570753981144
0.4428540095400084
0.599779246419293
0.7754535543980571
0.7746753623611872
0.962506817020024
0.532745924562396
0.8988877955810048
0.7608536926378637
0.68592859050039
0.8833162016469055
0.6963351815472726
0.7360042574446293
0.8199156081305365
0.8444999632559472
0.6112238681894325
0.30401512764474437
0.8955179616420482
0.4548114290994896
0.8020103519816779
0.6380591337478863
0.8839348291442872
0.6504346455521425
0.8946965369687454
0.6960215380930125
0.2730395633731433
0.4803223976805018
0.6315286245138347
0.7285314354924849
0.3792243688288117
0.6513344357092062
0.6837302112840548
0.8053103809282097
0.8134606407978648
0.820310951722573
0.6694926324755434
0.7938308894781854
0.7414496678344372
0.46816804854400584
0.8456584746571253
0.6460470352339928
0.7927798943316762
0.7476924831224171
0.8589413464936914
0.9193612917340924
0.6762614788242928
0.8043660185787156
0.5472606588827145
1.0
0.6184922278809687
0.7562083682799758
0.8017490455061638
0.7228665005970374
0.9265348999175393
0.8184299895703387
0.8775613296305583
0.8213620383835947
0.857089142156829
0.8738190947019306
0.7339907283149703
0.7830478523520861
0.9402721399633681
0.8036253653652999
0.859082112175221
0.8036064289330649
0.6859713070773993
0.7034067615396677
0.6650680476917133
0.18788235161426792
0.6119258926145958
0.7790406276997036
0.859467535512537
0.6193444184998806
0.4479459271885343
0.7755687734517068
0.9448846553565756
0.7183298094503191
0.8074697016125978
0.5947307263691768
0.6722815630198387
0.8919353653734875
0.831704462070802
0.5584595410745568
0.7157067889202136
0.5325055168595308
0.832138747523719
0.6511239728059021
0.9162042600362301
0.7181952404736198
0.7444223766401611
0.9383060821968913
0.8770723689471994
0.5252200133416567
0.8567900780110084
0.691153080864591
0.5440791368504149
0.6239588613691355
0.6905425677871769
0.7580516421936674
0.705561852109982
0.6748894767422549
0.7718218062086545
0.7011446701084945
0.694780365672058
0.5832112070691604
0.6103584495348208
0.5999073147575003
0.8722815982481938
0.6892042522266185
0.934005071947255
0.8472118710587381
0.8524521382857463
0.855034719969363
0.2787594879122468
0.6812393714501905
0.7294828784587515
0.6991757757343657
0.948041013325357
0.35459623705309995
0.6993996513453931
0.5714475124294245
0.8490257088974366
0.8974158759278583
0.5376481850049526
0.850491530688533
0.7772394816762064
0.829986376580179
0.6593072363886665
0.359207792308438
0.9030520768027804
0.8436193101973277
0.7394663782630637
0.6607394855976588
0.8878120069805523
0.4214569791176995
0.8172456340311084
0.6318962365658416
0.9077482330396554
0.4515665923263562
0.6227890529848575
0.5629559822345815
0.7183408896968657
0.8881397666178001
0.809451298291097
0.8602040142357175
0.6410949180426805
0.8934700813730241
0.6406708099998039
0.8179766550298271
0.8454079336568617
0.4851979297760105
0.8192194747733763
0.4785316627963928
0.7897439130096205
0.8165273159055788
0.8837982552335898
0.8455440508827143
0.837306772380193
0.8756182150515709
0.4646101094872356
0.6601628587380108
0.878815016413049
0.07719824589134627
0.6555072478724742
0.671592185535518
0.8793299384814485
0.867749425941718
0.8150842862991854
0.49366368304505404
0.8790368179033997
0.7621233027384028
0.8118663301909363
0.9037178554981
0.45724899127678276
0.762371325784296
0.969547421969375
0.6158589123791061
0.7177379367051193
0.5505750604694996
0.622217845314246
0.793597601625193
0.7126843444013032
0.7098391813008295
0.748476842016478
0.941440622107318
0.9333144362226858
0.6571083476423212
0.570805269971621
0.756391284294146
0.818700110404839
0.7021677641736491
0.5357231776525944
0.7968932114896564
0.7441583251743482
0.6852154830186565
0.6244601877801387
0.8746526186925573
0.5937757178432113
0.8875996743762503
0.7637027921867258
0.8237537132279452
0.8042443155498907
0.8947701973255074
0.27807283269733474
0.5075269428726706
0.6796003149758908
0.5274114881663755
0.8795669680515198
0.9162042600362301
0.8071838845174295
0.6293368492956759
0.8752127981237261
0.7542157786722521
0.8915642350429244
0.7904460458792958
0.7362391436536018
0.7818788963423833
1.0
0.8757895464414299
0.6466803242348965
0.7334443103285456
0.8828177224930583
0.7106421040533327
0.7297460560269542
0.6632257729430308
0.4897303726688558
0.8734963856522763
0.8059608308250629
0.706376864181711
0.6708244733903134
0.6602892761429533
0.5791912708704723
0.6605786131794775
0.7876974825870316
0.8654487281475057
0.6661997710891459
0.6732200418880595
0.47974981029043207
0.6938849395070387
0.021963878545253834
0.49869490317418497
0.6713431262697966
0.4583249864036465
0.7640583812180591
0.8189068358710356
0.8666814665774455
0.8139618506500507
0.6706746143032584
0.7137252371039178
0.573801372240572
0.6962502005096975
0.8690556834465961
0.6918568028308187
0.7485506766712232
0.709728467440124
0.7902181197339562
0.8077649560734215
1.0
0.6599953203038935
0.7575002427910876
0.8272620864557253
0.8927591306284046
0.6045783271925926
0.5957344185082042
0.6630598988066609
0.8199554640065022
0.5668237924500705
0.8940084802765516
0.6609622227018581
0.6482355058823792
0.8587235792797452
0.7877852731894943
0.7954307726484698
0.055349990895047
0.8106912580869274
0.8813326391479585
0.7066486704602527
0.1651181001164641
0.9328091822722202
0.8029933012159042
0.8848759397599795
0.8608949027052158
0.8737617990688876
0.8310994072672031
0.8478185435080189
0.40491213598983933
0.31593982926624764
0.719137268746814
0.8424194194845169
0.9284766674173195
0.8918047672227017
0.8666163215003495
0.8998895886848454
0.6742001450351792
0.9783839307846112
0.9346802043947042
0.9216557608615391
0.7313823185743711
0.879711476532373
0.7865358441783589
0.7940755322797645
0.7618637504855593
0.5745682117864745
0.7471606161933183
0.7997747432848749
0.5917044544469294
0.8000802382619305
0.7446308898986492
0.8415688342924833
0.7719626633491853
0.6248247514108666
0.7111154853753865
0.914544774222935
0.7788800816662739
0.6924089719033304
0.783503642100217
0.7070918501485579
0.8501760760352057
0.9316525627659664
0.7240946398312882
0.8384380234996041
0.7602875942647036
0.9296636356690784
0.6986354333782072
0.8844793043677031
0.5482669803216144
0.9811080474189757
0.7318317919253271
0.6639651042280726
0.8592636070611468
0.7808018823204013
0.753442205713949
0.9045749092513442
0.9141965926263635
0.8105991900312759
0.8134518747084969
0.640097009096761
0.8134013442077356
0.5957989653262845
0.7416432755014474
1.0
0.6622331953949611
0.5705554328730704
0.9344331577705799
0.7252679280886758
0.7304169775617171
0.6342654151031364
0.8674117992121559
0.7623912993210288
0.8609459072125125
0.8872701171095789
0.8554383393796599
0.9448046797554844
0.3517083564435659
0.7621023617618671
0.7815648246527757
0.44872060650290935
0.9255926247964448
0.6059126669815755
1.0
0.6164295123569736
0.7149816722168715
0.5044372741090917
0.7577660080066912
