0.825323397995454
0.7031279191044478
0.5122926758663808
0.566207292647689
0.4309565730224134
0.7957531254665867
0.7404197847353541
0.7273413578978987
0.7111795933775764
0.5814786459242544
0.5760008386576136
0.5735237902981538
0.6402795945994139
0.7421708777404424
0.9006948274783595
0.7736883035119776
0.6952455507086039
0.8651297091859379
0.5413415921126821
0.6630325379194999
0.7240728612166036
0.8162862592412052
0.6647751670216607
0.8894199667198798
0.876044350891368
0.8477101631418188
0.47055462995528696
0.5947416441877189
0.6359158346968902
0.8934062219587547
0.6045829729004605
0.7211104471957206
0.8256272942848917
0.6765175043958843
0.5215458463387791
0.7872834876513457
0.928631524845517
0.7883838276578543
0.5947304587901977
0.6583762057266209
0.8735687766025769
0.604956194145755
0.8809169749456677
0.7926271962810945
0.5195840756976084
0.8560198187271458
0.5931326846008333
0.6402795945994139
0.5410495303240259
0.866317964193224
0.8114832418728326
0.8335526456709513
0.7537189565254595
0.6298792655563679
0.8426644754373552
0.7006367991944241
0.8219356589739997
0.9274061042219789
0.7304798261767332
0.9043594079705827
0.5338479379755142
0.6013954496354117
0.6613286610732165
0.8232305916976564
0.8119594451872416
0.9105054719662353
0.5531950059470214
0.8475205590608956
0.9058401968316097
0.7724717618837298
0.4123181381155555
0.8634348237550935
0.8943413656681805
0.8256272942848917
0.9284295290312522
0.7828347230682929
0.7345288301577864
0.8771146826533377
0.6680320013664941
0.5552346338858518
0.7872834876513457
0.9099479481293987
0.9879791664532395
0.7720469201786619
0.8546052424549135
0.5773760477083316
0.7564409542620769
0.816252052892732
0.8684954172267891
0.6680320013664941
0.6248498379141679
0.5364310282927445
1.0
0.845015728628384
0.9509185814897015
0.6473625831277612
0.9360422037006599
0.6359227346787333
0.7128365589062334
0.4909112596043419
0.7393017518374804
0.6944917507295219
0.2987439343982081
0.5947304587901977
0.7166078837219333
0.7063735458108358
0.7350118239986153
0.6225595590611279
0.8809169749456677
0.6083499172019827
0.5914676789323174
0.9060555104122022
0.9746770499573713
0.5814786459242544
0.2987439343982081
0.766060457316212
0.8786524942370536
0.9105054719662353
0.7664977289041695
0.6859448906329249
0.8364368219442332
0.9285231606457234
0.5947304587901977
0.6082392076867275
0.6914365623865288
0.8552129892120515
0.8943950587818353
0.7259866193709261
0.622931179535504
0.8540868149852829
0.8650606711795877
0.7030044724814672
0.86058209319603
0.7606412936411024
0.7782109499756661
0.39771094448165756
0.5523453812835346
0.7991864581429535
0.7705416617832705
0.6048619691498123
0.7946507984862353
0.7890498761750311
0.8092589092327735
0.8162862592412052
0.6994134268848531
0.5814786459242544
0.4142241000783342
0.8989650613328211
0.7565909290072402
0.8907340547385716
0.8184920969445892
0.470853793305253
0.5960065397148209
0.7030044724814672
0.7885129704694431
0.9498494505900007
0.8352828283222259
0.7827441829463937
0.7582657931309268
0.8634833092006613
0.5668842487671156
0.25390258989931747
0.8534164732366181
0.9014679420165044
1.0
0.8429569928316969
0.7042123026708836
0.6885112315655321
0.6225092117203924
0.5732009061170033
0.5529259213049552
0.7078078566681231
0.8302123849382765
0.9066159601041947
0.6853866089195683
0.7352385922227102
0.5948268757137314
0.8907340547385716
0.8513247832252816
0.7883838276578543
0.7503661399751357
0.8622657788749261
0.512114603598997
0.9415714463065767
0.6465417003996891
0.8877017316999725
0.915006139332567
0.7421708777404424
0.8768352960582492
0.8563620619831407
0.7336376126573559
0.8290187839017524
0.9416133180621314
0.6853866089195683
0.7526358931782049
0.7097366972247714
0.8463126979380667
0.8634833092006613
0.7570245544531018
0.4134496975991544
1.0
0.5947304587901977
0.9016326173391581
0.8274945605635043
0.5834069566456471
0.6655039453158074
0.7869320893635305
1.0
0.9191272165040734
0.4395211562310696
0.7607507844910889
0.45400347445840006
0.47055462995528696
0.7756261733344774
0.8114832418728326
1.0
0.8642670137566578
0.7789480067945332
0.8809726812352708
0.35815879174348875
0.8727063624738642
0.8560198187271458
0.6365288308404704
0.8625362838129497
0.66641876495739
0.7331633153932597
0.8332899860606956
1.0
1.0
0.39401165105054725
0.816252052892732
0.5977685322923517
0.8777709236443632
0.5025241984410705
0.9859188817873125
0.9700502709235805
0.7607507844910889
0.744882198366603
0.8805432248639752
0.9285231606457234
0.9509185814897015
0.7222445989279149
0.8595173912602703
1.0
0.4726078345382041
0.8752216287719042
0.8478742405009188
0.7854796690569775
0.7600898558272643
0.5691234336887727
0.899062424514283
1.0
0.513659689073809
0.4561746295184339
0.614653545840042
0.7992810624520029
0.4474078390612559
0.8500303310028623
0.8891613798274095
0.5541783602486785
0.7700338160791897
0.6929421256135102
0.7589084707840784
0.5025241984410705
0.5260758998012995
0.9026282046290535
0.8406393760195126
0.8871743453537563
1.0
0.5262587993249529
0.718190122647238
0.8634833092006613
0.7563314780313696
0.8934062219587547
0.9014545409233329
0.8181796251780714
0.6102354437465819
0.857610353679946
0.7067308414674404
0.761224195300417
0.7679521360660106
0.8943950587818353
0.8404670368700646
0.7512007975348133
0.5969636059858472
0.7945441616321213
0.47055462995528696
0.5471137385092117
0.5814786459242544
0.7383925621252867
0.8846207649751687
0.9105054719662353
0.8342024245885008
0.9052936610758014
0.8634833092006613
0.765398655603081
0.6508236682753286
0.8332899860606956
0.5713458136299732
0.8281494186552569
0.8492652572883767
0.8430913754043146
0.620681332685116
0.6299868266695817
0.6818778307025958
0.8162862592412052
0.8458746829038947
0.2987439343982081
0.8124524938524881
0.8943950587818353
0.7754415278618889
0.7512066721514382
0.6670704424674007
0.9125139761786117
0.752005772069832
0.5849747494801292
0.4909112596043419
0.7964120037358394
0.8339421433018149
0.7538606882569788
0.8991514676936633
0.2987439343982081
0.820528528734404
0.615723052196297
0.7043411666841389
0.6370202483838807
1.0
1.0
1.0
0.7063859735622307
0.7221479671247801
0.7648267715364077
0.8120771955140828
0.7927336252621032
0.7756261733344774
0.9145060227685631
0.7966895992738943
0.8203457178164357
0.48972885681366984
0.896856911634214
0.9546767252735092
0.8560198187271458
0.8560198187271458
0.3181946701600751
0.7029727950185091
0.5390685617867338
0.752005772069832
0.34187027277794013
0.5424691432398623
1.0
0.7088720436618089
0.8256272942848917
0.7073350488281318
0.8806410580019518
0.8752216287719042
0.720779325426159
0.8444879743686331
0.7077827365090635
0.7381488120203747
0.7473482129720855
0.8050863646335726
0.728078989397605
0.8228805717908564
0.47055462995528696
0.8818579067337798
0.8546647482786625
0.8634833092006613
0.9693353062650955
1.0
0.7063859735622307
0.9746770499573713
0.7801428758793691
0.7223930917406693
0.7724717618837298
0.7683926989215908
0.6888501343686044
0.6070655489134549
0.731882723713201
0.5814786459242544
0.7431467234379504
0.650388161280915
0.7993995518301631
0.8162862592412052
0.8161352671494474
0.7250117190019177
0.8162862592412052
0.8809169749456677
0.5531950059470214
0.831696147593078
0.5856223713142313
0.6743548744453192
1.0
0.5910074878851715
0.6542994174919873
0.7948747102194481
0.6637195193064592
0.24486143342443767
0.533812603858152
0.7336875031157329
